/*--------------------------------*- C++ -*----------------------------------*\
  =========                 |
  \\      /  F ield         | OpenFOAM: The Open Source CFD Toolbox
   \\    /   O peration     | Website:  https://openfoam.org
    \\  /    A nd           | Version:  11
     \\/     M anipulation  |
\*---------------------------------------------------------------------------*/
FoamFile
{
    format      ascii;
    class       volScalarField;
    location    "0";
    object      yPlus;
}
// * * * * * * * * * * * * * * * * * * * * * * * * * * * * * * * * * * * * * //

dimensions      [0 0 0 0 0 0 0];

internalField   uniform 0;

boundaryField
{
    inlet
    {
        type            calculated;
        value           uniform 0;
    }
    outlet
    {
        type            calculated;
        value           uniform 0;
    }
    wall
    {
        type            calculated;
        value           nonuniform List<scalar> 
8690
(
545.9366
536.0303
542.2088
544.5072
543.8973
544.2327
543.4652
543.6937
543.7896
543.6721
543.6152
543.7157
543.8705
543.723
543.483
543.661
543.4424
543.4764
543.7493
543.5687
543.4885
543.6289
543.9111
543.688
543.6682
543.7876
543.6384
543.6446
543.5683
543.6084
543.1472
543.3709
543.325
543.2353
543.4464
543.3798
543.5739
543.4955
543.2395
543.3882
543.6321
543.4447
543.5639
543.5834
543.2177
543.3986
543.609
543.4126
543.294
543.4282
543.4735
543.3915
543.8621
543.6382
543.6425
543.7373
544.1335
543.8815
544.2226
544.172
543.8898
544.0817
543.7783
543.8127
543.7027
543.7368
543.677
543.6987
543.6737
543.6914
543.7028
543.6462
543.9391
543.8598
543.5082
543.6902
543.5494
543.532
543.7967
543.6367
543.8381
543.8722
543.4727
543.6209
543.4945
543.4875
543.7778
543.6037
543.5189
543.6607
544.0268
543.7574
544.0592
544.0407
543.8484
543.9605
543.8251
543.8262
543.6375
543.7322
543.5614
543.5902
543.4528
543.5113
543.2804
543.3551
543.684
543.4838
543.3351
543.4806
543.5641
543.4532
543.5009
543.5459
543.8744
543.6905
543.6426
543.7337
543.8167
543.7322
544.0169
543.9072
543.6477
543.8358
544.1121
543.8648
544.0965
544.1057
543.8055
543.9517
544.1797
543.9738
543.5911
543.8641
543.6035
543.6086
543.9173
543.7314
543.6399
543.7876
544.0924
543.8573
544.0723
544.0855
543.6464
543.8607
543.8811
543.7373
543.513
543.6802
543.6903
543.6121
543.5993
543.6468
543.5932
543.596
543.8589
543.7071
543.9322
543.8894
543.6535
543.8047
543.7747
543.689
544.1298
543.9837
544.0258
544.0788
543.8818
543.9417
544.2443
544.0428
543.8359
544.0342
543.823
543.8282
544.0297
543.9225
543.6545
543.8282
544.1591
543.8993
544.1279
544.1445
543.7201
543.9291
543.9293
543.8009
543.5444
543.7225
543.4894
543.5306
543.8102
543.6245
543.5157
543.6745
543.9049
543.7126
543.6319
543.7435
543.8855
543.7578
544.0395
543.949
544.3819
544.2298
543.9651
544.1722
543.4806
543.7502
543.9105
543.7228
542.3059
541.761
543.9344
544.1656
543.3154
543.9391
543.4207
544.845
544.4057
544.1809
537.7294
541.6614
543.6403
542.7124
543.2331
543.3394
542.9819
543.4741
543.1792
543.4512
543.0211
543.1695
543.4991
543.3195
542.9633
543.0997
543.4896
543.4221
543.2137
543.0991
543.2944
543.5762
544.4106
543.3769
543.7426
543.6161
543.2575
543.3684
543.52
543.3272
543.5203
543.1048
543.1498
543.4998
543.5441
542.9525
542.9746
543.6306
543.6858
543.0732
542.8955
543.6037
543.6337
543.6588
543.6604
543.0911
543.2386
543.8661
543.773
543.0007
542.7219
543.178
543.2914
543.6287
534.2543
534.4935
542.5858
544.6849
544.0455
544.3675
544.1214
544.9368
543.3641
543.9138
543.7078
543.6833
544.5419
543.9278
543.8348
543.787
544.4961
544.4395
543.8983
544.2329
543.5421
544.0549
545.018
544.1386
544.2598
544.0044
543.54
544.2909
544.4306
544.5759
543.2218
543.1299
543.6619
544.0907
543.6539
544.526
544.5999
543.0885
544.9638
543.6928
543.5727
543.859
544.2269
544.5457
543.3494
543.6772
544.6447
542.9007
543.0649
543.3171
542.9064
542.8357
543.1491
543.9104
543.0173
542.7787
543.5445
543.3999
542.9672
543.538
543.5908
542.9666
542.8303
543.4506
543.5226
543.0174
543.1579
543.0732
543.3698
543.0137
544.2946
543.5077
543.0455
543.9056
543.8729
543.0987
543.0136
543.2274
543.1325
543.1017
543.5464
543.503
543.1609
542.972
543.3102
543.5534
543.3266
543.1199
543.3313
543.3342
543.3881
543.7356
543.3213
543.0877
543.5
543.8183
543.5225
543.1474
543.2525
543.1385
542.9443
544.1329
544.0042
544.4387
543.3501
544.6032
543.5298
543.9733
544.1513
544.3055
544.1259
545.5127
543.1626
542.8824
543.5218
543.2848
543.1961
543.2666
543.3651
543.2103
543.0708
543.1954
543.2949
543.237
543.2824
543.1294
543.2515
543.1307
543.9318
543.9036
543.2141
543.8397
543.738
543.163
543.1846
543.3694
543.2288
543.3088
543.3217
543.3104
543.3179
543.2489
543.1308
543.2396
543.4668
543.3966
543.2075
543.0933
543.4841
543.712
543.4659
543.3563
543.2912
543.5011
543.6744
543.4468
543.1335
542.9257
543.0507
543.7146
543.7142
544.3388
543.4541
542.9785
543.3468
543.5561
543.1293
542.8825
543.2709
543.5185
543.2072
543.2147
543.0709
543.3331
543.2724
544.322
543.4539
543.3646
543.7511
543.5498
543.2361
543.2455
543.2925
543.3176
543.0868
543.3341
543.5076
543.3382
542.9474
543.1335
543.6044
543.4953
543.0829
543.1058
543.4741
543.5061
543.7021
543.4862
543.0735
543.3593
543.8501
543.6374
543.061
542.9778
543.1766
543.1134
543.8476
536.2043
544.141
544.3879
543.9433
543.0928
543.0071
543.6113
545.6682
545.6122
544.2198
543.4183
543.9384
543.8993
544.384
544.0146
543.8205
544.234
543.8175
543.6767
543.71
543.8311
543.8805
543.885
543.4273
543.5041
543.5215
543.6463
543.2944
543.2498
543.8375
543.5936
543.1866
543.533
543.6027
543.2994
543.2322
543.5396
543.6124
543.4212
543.446
543.5306
543.4788
543.3597
543.0981
543.455
543.3186
543.104
543.1629
543.1602
543.2495
543.3914
543.6967
543.3049
543.5758
543.7341
543.803
543.737
543.8448
543.6817
543.465
543.8346
543.4083
543.3493
543.4333
543.2828
543.9742
543.7933
543.6311
543.7633
543.6177
543.6773
543.7209
543.6485
543.9873
543.8899
543.5608
543.7791
543.9269
543.616
543.7283
543.9136
543.7968
543.8243
543.35
543.5168
543.8092
543.4951
543.6816
543.8309
543.8772
543.8369
543.546
543.5787
543.4233
543.6806
543.3978
543.298
543.3295
543.2918
543.316
543.4109
543.3301
543.2247
543.7769
543.6038
543.3196
543.5643
543.8901
543.5369
543.4979
543.8454
543.6431
543.3999
543.9376
543.9395
543.5873
543.681
543.6509
543.7325
543.8853
543.6317
544.0439
544.0606
543.7884
543.9304
543.6209
543.5599
543.5294
543.7943
543.5071
543.4106
543.4357
543.4011
543.5519
543.671
543.8131
543.4613
543.7989
543.9478
544.0248
543.9752
543.6802
543.7102
543.5522
543.8045
543.5093
543.4174
543.4716
543.383
543.8123
543.812
543.7466
543.6482
543.669
543.8223
543.3746
543.4908
543.9482
543.6169
543.965
544.0765
543.8373
543.8283
543.5641
543.6059
543.9097
543.835
543.3718
543.6942
543.548
543.3562
543.5339
543.5323
543.6731
543.7369
543.7533
543.5293
543.8185
543.8828
543.9394
543.9242
544.0183
543.8477
543.6511
544.0589
543.5846
543.4889
543.5502
543.4693
543.8827
543.8736
543.8643
543.7405
543.7706
543.8844
543.9367
543.949
543.511
543.5702
543.5773
543.7148
543.9898
543.6295
543.8693
544.0462
544.0796
543.9557
544.1531
544.1139
544.4063
544.125
544.1169
544.1964
541.7405
543.848
543.5207
543.5053
539.3897
543.6185
542.9043
543.5195
544.3741
543.9265
544.0509
544.397
544.3049
544.4363
543.2161
543.5721
543.6916
542.2368
543.0304
540.703
541.6196
543.2708
543.7494
542.0167
542.8083
542.5576
543.0543
543.0784
543.5677
542.8928
543.4581
543.5382
543.5179
543.4985
542.8399
543.3773
543.5882
543.6124
543.2622
543.0374
542.588
543.0189
542.896
545.8375
543.4458
542.8731
543.6843
543.9751
543.4172
543.8017
543.0854
543.6299
543.7777
543.7779
543.672
542.9936
543.339
543.3851
542.9183
543.5473
543.0379
543.5275
543.5978
543.0987
543.7136
543.1608
543.6046
543.6184
543.3747
542.9698
543.1711
543.6144
543.1601
543.7964
543.7801
543.2631
543.6276
543.1295
543.3037
543.2044
543.0576
544.8793
540.7127
543.4299
544.134
544.293
544.1913
543.4787
543.4172
544.9545
545.3735
543.916
544.1182
543.7043
543.4276
543.9136
543.8097
543.7655
543.8638
544.4175
544.0531
544.1571
544.1678
543.9823
544.1379
544.0271
544.2021
543.8462
543.9816
544.2786
543.7047
544.6214
542.303
543.0254
543.0324
543.7035
543.3949
543.7262
543.9464
543.9368
543.8722
546.9306
543.0266
543.0935
543.6247
541.9151
545.5276
544.127
540.5736
544.4915
542.4884
543.4539
543.6987
546.8504
543.4181
545.8719
542.9814
542.6936
542.938
543.3594
547.0939
543.0663
544.4406
543.7154
544.9565
542.0919
543.3913
543.13
543.6364
543.3774
543.9757
543.1204
543.2505
542.9744
543.7562
543.337
542.8849
543.2779
543.3133
542.8642
542.8974
543.8284
543.2212
543.0217
543.31
543.4592
543.1864
542.7721
543.1992
543.4169
543.9724
543.3885
543.8617
543.4985
543.3628
543.8277
543.6073
543.1787
543.5501
543.8295
543.582
543.2504
543.9943
543.8942
543.5612
543.2478
543.4473
543.3204
542.9204
542.8672
543.3363
543.3806
542.9293
543.389
543.7662
543.5286
543.0005
543.5168
543.5286
543.0743
543.511
543.7839
543.4963
543.1518
543.628
543.4187
543.5032
543.4912
543.4451
542.9608
543.4821
543.9816
543.7417
543.2731
543.6676
543.5223
543.1441
543.4715
543.6208
543.4372
542.7218
542.3366
543.3028
543.4393
542.3211
544.3476
543.0217
543.9098
543.3346
542.7153
543.111
542.9761
543.4119
543.2774
542.838
543.1801
543.3507
543.3216
543.1692
542.8593
543.1497
543.1126
542.6906
543.0233
542.7451
543.3196
543.7687
543.2607
543.1783
543.0785
543.4249
543.1341
543.1838
543.1244
543.3052
543.1594
543.0456
542.638
542.9893
543.1053
543.5012
543.1467
543.1317
542.8136
544.0726
543.5559
543.6047
543.0426
543.2037
543.2755
543.1527
543.4301
543.7692
544.5889
543.814
543.9485
543.4596
543.7146
543.5019
543.46
543.6985
543.5084
543.2527
543.7795
543.8133
543.406
543.5258
543.3652
543.3895
543.1242
543.4314
543.6328
543.3339
543.2083
543.3554
543.6123
543.0976
543.1054
542.9236
543.0117
543.104
542.9208
543.1465
543.3548
543.2466
542.9704
543.678
543.5939
543.4928
543.7008
543.5712
543.6201
543.8331
543.3608
543.3729
543.6302
543.3879
543.7564
543.8477
543.7145
543.6114
543.875
543.9087
543.8814
543.7103
544.0685
544.0711
544.0625
544.0725
543.812
544.014
543.7669
543.6462
543.8367
543.9519
543.8279
543.8156
544.0368
543.4581
543.4848
543.6209
543.6802
543.7547
543.7606
543.9845
543.8143
543.5885
544.0406
544.0234
543.7401
543.9608
543.652
543.5688
543.9932
543.8385
543.9381
543.9752
543.6322
543.8798
543.4173
543.3121
543.5503
543.7201
543.4674
543.829
543.908
543.6086
543.7275
543.6456
543.4963
544.2009
544.0369
544.1274
544.2013
544.2073
543.8512
544.0425
544.0597
543.8807
544.1478
544.1554
543.8328
544.0649
543.7854
543.6733
543.7592
543.8916
543.5613
543.6613
543.8591
543.5629
543.9361
544.1303
543.9623
543.7363
544.1712
544.1544
543.8561
544.0734
543.7847
543.6784
543.6302
543.8665
543.3381
543.3828
543.2597
543.7561
543.5262
543.6127
543.475
543.448
543.5217
543.4965
543.7239
543.4917
543.6883
543.9099
543.7321
543.561
543.7328
543.8742
543.8598
543.6726
543.911
544.0071
543.8286
543.8189
544.1158
544.1606
544.2709
544.0608
544.0337
544.1534
544.031
543.9615
544.1921
543.8489
543.7623
543.6917
543.9301
543.3992
543.4522
543.6109
543.4313
543.5367
543.786
543.5781
543.3384
543.9946
543.9338
543.8838
544.0467
543.9274
544.1677
544.2236
544.2133
544.1629
544.409
544.241
545.1566
543.1871
543.3485
542.9844
541.484
545.4866
544.9612
542.042
544.589
542.7521
543.1965
544.1008
543.2951
540.3526
539.2315
544.3349
544.5066
543.024
542.2245
542.2589
543.3791
543.2842
543.2414
543.1869
543.4126
543.1657
542.9286
543.1921
543.2856
543.1639
543.2114
542.9613
543.4474
542.8331
543.1216
543.2697
543.1325
542.9788
543.31
543.1573
543.4017
543.1734
543.4734
542.8134
542.7765
543.8203
542.8258
543.059
542.5489
543.2928
543.5749
544.0042
543.3337
543.6794
543.3188
543.8174
543.3119
543.0842
543.7671
543.8994
543.6804
543.0804
543.3272
543.3317
543.1191
543.6113
543.452
543.2795
543.3572
543.2623
543.1163
543.5541
543.3361
543.6589
543.396
543.1354
543.2781
543.0914
542.9784
543.2033
542.9449
543.4989
543.3959
543.4577
543.4227
543.4164
543.4595
543.0761
542.9387
543.362
543.0387
543.76
543.5655
543.5657
543.6016
543.0253
543.1757
543.4707
543.2972
543.2144
543.328
542.9345
543.2553
543.2992
543.3321
543.0421
543.1671
543.3126
543.2062
543.4084
542.375
543.6511
543.5033
543.5901
543.2953
543.6327
542.2432
543.7169
543.7392
543.6704
542.1552
542.6302
543.5817
544.4879
544.3676
543.362
543.127
543.4169
544.4065
540.5146
544.1408
543.3809
542.5901
543.7936
543.4858
543.8863
543.9021
544.0516
543.543
544.199
544.6746
544.2076
543.9599
544.2578
544.5413
544.0336
544.7363
543.5882
541.6184
544.4057
544.4054
543.6895
543.9788
543.6768
544.8554
544.2812
543.3101
543.1393
543.4413
542.8372
542.8448
543.2358
542.2317
542.1276
542.5722
542.7373
542.9752
543.1431
542.9284
543.3461
543.5176
543.1467
543.5204
543.5986
543.5946
543.4904
543.4207
543.2996
543.6118
543.2541
543.2472
543.1634
543.4305
543.4855
543.4863
543.387
543.1787
543.2958
543.1462
543.4986
543.1048
542.9691
543.4539
543.0685
543.3081
542.7601
542.7185
542.9774
543.1137
543.2011
542.9951
543.4212
543.1361
543.0315
543.3679
544.7257
540.4076
543.2717
543.8213
543.3605
543.2508
543.3671
543.0116
543.5069
543.3995
543.6391
543.3228
544.0764
543.5194
543.7297
543.7196
543.2621
543.8641
543.8952
543.536
544.4782
542.6819
543.95
544.0951
540.6878
543.4244
540.5759
543.9314
544.3612
543.4912
539.7985
540.575
543.1297
543.3939
543.1313
543.0382
543.6676
543.5565
543.2211
543.035
543.2831
543.0621
543.1558
542.9542
543.5886
543.1875
542.3682
542.2782
543.3604
544.6193
542.9381
543.4526
543.6866
543.8136
544.3882
544.2913
542.528
544.4521
544.4933
544.6582
542.8891
543.2189
543.2926
543.3024
543.3364
543.614
543.3223
543.5969
543.3407
543.4258
543.3841
543.31
543.4046
542.9565
543.1516
543.0113
542.9212
543.0426
543.1017
543.019
543.0145
542.9881
543.0446
543.0817
543.0908
543.1317
543.0433
543.5083
543.7266
543.8043
543.8091
543.7506
543.7368
543.6062
543.5494
543.6403
543.7176
543.5665
543.7901
543.715
543.6875
543.8315
543.7588
543.9557
543.885
543.655
543.8142
543.3651
543.2765
544.1425
543.9479
544.1907
543.8006
543.7301
543.6382
543.7017
543.6447
543.5658
543.5689
543.4498
543.5708
543.4612
543.3822
543.5204
543.4453
543.6513
543.5736
543.9899
543.0659
543.0877
543.0929
543.2264
543.1293
543.2678
543.4097
543.3229
543.1875
543.8234
543.8863
544.0389
543.8179
543.9148
543.7294
543.7084
543.5658
543.7926
543.6916
543.9296
543.8508
543.9862
544.102
544.0105
543.8866
543.8037
543.847
543.786
543.7122
543.6419
543.8032
543.7223
543.8296
543.6777
544.2599
543.5
543.5109
543.4443
543.8498
543.6824
543.859
543.8684
543.6429
543.7449
543.6666
543.6942
543.9683
543.8045
544.1906
544.2825
544.0471
542.4726
544.1198
543.9514
544.0309
543.848
543.8222
543.7211
543.8798
543.8285
543.837
543.7833
543.878
543.7342
543.7273
543.3111
543.3951
543.4313
543.5586
543.4434
543.8813
543.8655
544.4373
544.4524
544.2617
544.3382
543.808
543.723
541.8186
544.4806
545.4661
544.2184
541.9986
543.3008
544.369
544.2185
544.2666
543.6874
543.781
542.7545
543.8676
543.705
543.7768
542.4395
543.7547
543.6901
543.9217
543.9922
544.111
543.5733
543.5244
543.3864
543.1789
543.6166
542.7133
543.1546
543.9331
543.8549
543.8929
544.1355
544.195
543.7266
543.6859
543.5277
543.0023
543.2206
543.4151
543.4838
542.9147
543.4876
543.4032
543.5594
542.9096
544.9026
543.8365
544.8362
544.3331
542.4814
542.6634
542.0887
543.8777
542.7236
543.4206
543.6653
542.6318
543.3271
543.5853
543.4128
543.9069
544.1334
543.5373
543.6699
544.6605
544.1071
543.9605
544.2552
544.5039
544.4567
544.6565
545.4514
544.7077
545.7557
544.5805
543.388
543.9986
543.0507
543.0723
543.1928
543.4118
543.1141
543.2723
543.2779
545.205
542.9519
541.1464
543.4184
546.6373
543.8578
544.5387
543.1748
545.1161
544.0447
544.2524
544.0703
543.4712
543.3766
542.791
543.0728
543.0589
542.9696
543.0738
543.5744
543.427
541.4686
543.456
543.665
543.4969
543.1666
543.7619
543.7429
543.9732
543.9501
543.7004
543.8423
543.6436
543.4595
543.4351
543.777
543.983
541.2638
544.0336
543.7482
543.9705
543.3449
543.7848
543.4233
542.9269
543.5684
543.8086
543.5475
543.8187
543.8188
544.1455
544.4182
543.4266
543.4076
544.3989
543.7765
542.2324
541.3752
543.5454
542.7142
542.87
543.5866
544.299
541.4232
540.883
543.4825
544.1026
543.9008
543.6297
542.8613
543.3419
543.56
542.8236
543.3033
543.8859
543.5794
543.3344
543.5951
543.3982
543.1989
543.514
543.247
543.3158
542.9373
544.4797
543.8335
543.9158
542.3928
542.6911
543.6497
544.6482
542.9964
543.6048
543.9895
544.1602
543.7877
543.6519
543.4856
543.5325
542.8273
542.8886
543.4196
543.3774
543.1263
543.3785
543.3472
543.4215
543.3072
543.779
543.3615
543.1341
543.6602
543.2813
543.3418
543.05
543.1171
543.2182
543.3624
543.3825
544.0353
544.2331
544.1596
544.3574
544.1509
543.3182
543.3738
544.8789
545.0352
546.3075
543.7897
544.0682
544.2239
543.3399
542.8477
544.1028
543.8004
543.5394
543.3895
543.5598
543.3356
543.9525
543.5338
544.1771
543.5648
543.5083
543.487
543.8085
543.8476
543.435
543.4536
543.2568
543.5145
543.943
543.7729
543.6566
543.8242
543.3694
544.0139
543.8643
543.8241
544.5418
543.2773
543.3451
543.0628
544.0427
544.0871
543.7951
543.2749
543.3472
543.3373
544.1609
544.5004
543.5522
543.985
543.839
543.4939
542.7944
542.9862
542.6087
542.9545
543.2118
543.1177
543.2519
543.0629
543.1837
543.9498
545.4472
545.1577
543.2995
542.9383
543.0961
542.887
543.3427
543.7616
543.15
542.8282
543.534
543.8735
543.8667
543.1583
543.1954
543.982
542.2892
544.0646
543.825
544.907
542.6763
543.3337
543.319
543.3075
542.8141
543.1151
542.9136
542.8606
543.0727
543.0106
542.6882
542.8916
542.6327
542.721
542.68
542.6414
543.0858
544.1117
543.7259
543.9885
543.8264
543.6574
543.823
543.6752
543.3678
542.6446
543.5145
543.3877
543.5165
543.3239
543.1967
542.9585
543.4796
542.5852
542.6826
543.9633
542.8205
543.6506
543.6802
543.3976
543.4919
543.6245
543.4976
542.4563
543.8492
543.7376
540.5307
543.7999
543.896
543.8931
543.8742
543.9103
543.9133
543.9656
542.4718
543.6328
543.3643
543.5473
544.0397
543.7051
543.9553
542.8413
543.0599
543.4609
543.9726
544.1113
543.9834
543.9817
544.1366
544.0068
544.1307
544.2194
544.0544
544.1656
543.4892
543.6797
543.595
544.4508
543.7971
542.3434
542.4582
543.8428
543.5923
543.8019
543.1332
543.3473
543.9676
543.5499
544.1391
544.4788
543.0648
543.265
543.7316
543.7091
543.4333
543.0479
544.055
543.9646
542.9844
543.0292
542.9888
544.0105
544.1174
543.9666
543.8921
543.8232
543.6331
543.5574
543.8389
544.0101
543.5138
543.7657
543.858
542.5962
544.0475
543.6326
543.5508
543.8387
544.25
543.979
544.1422
543.7393
543.5433
543.4448
542.7403
543.4538
543.0094
542.9874
543.9126
544.0173
543.7558
543.2916
543.2788
542.6952
542.9133
544.0437
544.0199
544.1175
543.809
544.1887
544.2483
544.1016
544.0768
543.0464
541.3961
543.6091
543.4321
543.8506
542.4874
542.9138
543.7009
543.1817
543.0204
543.4287
543.3453
543.6025
544.0785
543.6769
543.8023
544.147
543.9562
544.2538
544.1251
544.5074
544.2755
545.4161
542.3739
542.4153
542.6433
543.7638
543.84
543.8049
543.9182
543.902
543.8378
543.019
543.429
543.7223
543.4204
543.8656
544.8492
544.5901
542.783
542.7574
542.8897
542.6748
542.6809
542.5897
543.1619
542.7293
542.9876
543.0981
543.0278
542.4785
542.6977
542.7307
542.5556
543.3805
543.1931
542.6035
542.5472
542.6375
542.6928
542.3945
543.7315
542.9152
542.6813
542.57
542.54
542.8362
542.6752
543.2618
543.6059
544.0963
543.3503
542.9395
544.0492
542.5573
543.2532
544.1788
544.1537
543.8344
543.6617
544.6943
543.1682
543.1995
543.4304
542.9625
543.2012
543.0472
541.5901
540.075
542.6873
543.6906
543.496
542.5236
542.4489
545.941
543.7457
543.6387
543.9205
543.7823
543.8949
543.814
544.0177
543.816
543.6941
542.5664
543.6562
543.8161
543.5848
543.3406
543.5888
542.7055
544.0691
544.0386
543.9448
544.1518
542.2739
542.0109
543.7015
543.834
544.1872
543.868
543.3368
543.5029
544.1969
544.1785
543.2982
541.3146
541.7498
543.2559
543.1132
543.7525
543.6256
544.1882
543.5599
544.1971
542.7139
543.7773
544.079
544.1195
543.9422
545.0394
543.5031
543.7035
544.0094
543.4733
544.2498
543.6025
543.5748
543.6475
543.7916
542.4785
543.3043
542.8097
543.6394
543.7116
543.671
543.7355
543.2208
543.2227
543.6666
543.4937
543.6444
543.3638
540.1988
541.0354
541.7953
543.679
543.1229
543.149
543.1124
543.065
542.7897
542.6263
542.9209
543.172
542.9637
543.7011
543.0358
542.8619
543.6301
543.7573
543.7331
543.099
543.4861
544.9732
543.2459
543.4438
543.0499
542.5008
543.0173
543.144
543.6276
543.4355
543.8853
547.1627
545.2531
539.2589
542.1815
539.514
543.1323
543.1415
543.4892
542.9189
543.1897
543.5954
542.4726
542.6991
542.0359
542.9118
542.7857
542.1135
543.325
543.098
543.2365
545.5164
543.7916
543.7041
544.787
545.2874
544.6563
542.9109
544.2782
544.2741
544.4472
543.9108
543.0226
543.1464
543.1063
542.9236
543.2266
542.8491
543.221
543.5583
545.0521
543.5092
543.4521
542.7032
542.5761
542.9988
543.7667
542.8317
543.4646
543.9511
542.5242
542.7783
543.5617
542.1919
542.1267
542.4454
543.7729
545.476
544.0545
545
547.0812
546.5988
542.4073
543.3224
543.5668
543.3258
543.2478
543.0228
543.9535
544.1438
543.7571
543.6114
543.5455
543.7418
543.5881
543.2203
543.0995
543.7408
543.9565
542.3108
542.853
542.9963
544.5048
543.145
544.0768
542.663
543.191
543.1113
542.3364
542.8003
542.8903
542.4882
542.76
542.95
543.2095
543.0076
544.0892
542.1043
543.2274
542.7536
542.7222
542.8564
542.8134
543.1971
543.1406
543.629
543.2096
542.5006
543.4186
543.3239
543.305
543.4591
544.0399
542.6594
540.9461
543.2967
543.622
542.7227
544.4811
545.6002
543.6288
542.2891
544.0474
543.5413
543.6332
542.8667
544.2523
544.363
544.1143
544.1356
544.256
544.1432
544.3087
544.3472
542.816
544.2243
543.1785
542.934
542.6884
544.2462
544.1272
544.4736
543.0811
542.7853
543.0241
542.81
543.0932
544.1073
543.2138
543.6262
542.5952
542.6658
542.7588
542.8401
543.1812
542.2442
542.7573
544.1126
544.0041
542.6725
543.3886
543.7908
542.9296
543.0405
544.1269
543.9688
544.2123
542.54
542.5073
542.5987
543.1704
542.8894
542.8901
542.8633
542.7201
542.412
542.994
542.7169
542.7646
542.8663
542.8582
543.1094
542.8551
542.6732
544.9964
543.5248
542.5561
542.7767
542.7925
543.6305
544.5527
542.448
542.5484
542.3108
542.8786
543.3498
543.8573
542.2515
541.5708
542.6195
543.9834
543.0074
542.8841
543.9004
543.8959
544.0711
543.978
544.3956
543.9031
543.4091
543.2229
544.2105
543.844
543.3865
543.1878
543.1075
543.648
544.1803
544.0461
543.5328
542.7812
543.1368
542.3977
543.5148
543.6541
543.3403
543.7192
543.7505
543.2088
542.8376
542.3663
543.1855
542.6216
542.8043
542.9601
542.9327
542.8097
543.8642
543.7336
543.8803
543.154
543.9217
543.3872
544.8891
544.1989
542.6128
542.7919
542.896
543.1057
545.83
543.2062
543.226
544.0801
544.1749
542.8145
543.4742
544.098
544.2341
543.5038
542.8264
543.7857
543.2267
542.5995
544.1506
542.7244
544.1176
543.7106
543.7206
544.9025
543.4298
542.2789
543.1472
542.9076
543.1114
543.6875
543.135
543.1619
542.6593
542.7136
543.6766
543.0744
543.0543
543.3955
544.0367
543.9745
543.3486
543.3594
543.1521
542.7907
542.9613
543.5358
542.4241
543.7252
542.788
542.7707
546.1433
544.2818
543.0937
543.5056
543.1001
543.3675
543.8715
543.2376
542.5231
544.1145
543.9795
543.9689
543.2568
543.35
543.5282
543.699
543.7921
544.0809
543.1107
544.0906
544.0475
543.9814
542.5321
544.1894
544.078
544.1052
542.4826
544.3379
542.5696
544.4009
544.2773
544.1905
543.0013
543.004
542.8661
543.1303
542.9975
543.0572
543.7447
543.4129
543.5516
543.1909
542.95
543.0667
543.7688
543.0084
542.9781
543.4071
543.2866
542.5645
542.3644
543.9364
543.32
543.3194
543.9637
544.1945
543.0056
542.8348
544.9289
544.5406
546.0609
544.5399
544.6391
544.5723
544.4388
544.7945
544.2677
543.4865
543.9554
542.8702
542.8918
543.9321
543.368
542.722
542.4307
543.0401
543.4507
543.6315
542.9575
544.2748
542.4922
542.7174
542.6895
541.9532
541.7446
543.6846
544.0483
540.0809
542.792
543.7599
543.9308
543.2585
543.9821
543.9486
542.9805
544.6405
543.997
544.2321
542.4151
543.7774
543.7713
543.2206
542.9636
543.514
543.5614
543.5077
543.3797
543.0689
543.1284
542.9311
544.1678
544.1842
544.2425
543.1932
543.0887
543.0193
543.2356
543.0204
543.1512
543.0219
542.9337
543.5526
543.5301
543.5059
542.7716
543.9512
543.7456
544.1419
544.0317
543.9389
542.0935
542.2986
543.7303
543.4311
543.8563
544.0834
543.7876
544.2841
544.1809
542.9595
542.8541
542.7097
543.0074
543.5881
542.9953
545.0311
543.7798
539.8368
543.5836
543.1228
542.995
538.2065
543.6116
543.0259
543.0059
542.8888
543.3371
543.1943
542.8442
542.9339
543.2816
543.1857
543.2574
543.2534
543.2267
543.5785
542.4288
542.2521
542.6493
542.5633
542.2232
542.7725
542.9387
544.0575
544.1079
543.1808
541.9545
542.4954
542.1568
544.2147
543.2903
542.8787
542.8751
542.7557
542.9976
542.7971
543.0355
544.0026
544.0209
546.272
544.0087
543.7143
543.526
542.6463
542.6775
541.8546
544.1229
542.5199
543.9683
543.5319
544.2926
543.7175
542.7071
542.692
542.6347
543.7805
544.1434
544.3077
544.2502
545.4179
543.7759
543.3887
543.412
543.3742
542.4752
542.8905
544.1948
543.2127
543.906
543.8564
543.1605
544.0567
543.9968
543.4559
543.0388
542.9526
545.5416
542.946
543.0013
543.2622
542.5053
542.3035
542.5234
543.3948
540.3222
544.2554
544.078
544.0118
543.2854
543.3603
543.1228
542.9756
543.12
543.0117
543.0495
543.5201
543.6441
543.794
546.1049
541.9998
543.3591
543.5404
543.4896
543.8003
543.5255
543.9563
543.75
542.6613
542.9871
542.1318
542.6392
543.747
544.8023
544.0116
544.3895
543.8109
544.0672
543.0658
544.4769
542.3415
543.7232
543.3189
543.9253
544.0164
543.1398
543.0757
543.3324
542.8683
543.7067
543.9199
543.8216
544.0242
543.8433
542.1665
542.3216
542.195
543.1081
543.7185
543.1002
543.3505
542.8411
543.1594
543.5712
543.3289
543.7422
543.5908
543.799
543.5652
542.8975
542.4359
543.2296
542.8968
544.1365
543.7779
542.6943
543.1396
544.1673
544.0416
543.7914
538.4339
539.8512
544.2648
543.0388
543.1706
542.899
543.1386
543.3393
543.3014
543.0154
542.7334
543.4643
543.7335
543.9345
543.9131
542.9242
542.5251
543.4474
541.9927
541.9596
543.1236
543.6313
543.5935
543.1923
543.1575
543.4152
543.3617
543.0714
542.6983
543.1205
542.608
542.5852
540.8265
543.2813
543.2144
542.7672
544.0884
543.9009
544.0183
543.7077
543.3212
543.4648
543.2618
542.467
543.4827
543.1515
542.2303
542.5314
542.7197
542.722
542.8936
543.5316
545.961
544.2967
544.037
543.7119
542.7553
539.4564
542.6433
542.3426
543.5285
547.029
543.8658
544.0408
543.1519
544.0198
543.7245
544.5455
542.4447
542.4012
543.5401
544.2625
542.9307
543.5775
543.806
544.0136
543.8981
543.0126
543.1394
543.1215
542.8435
543.0997
543.0967
543.4047
544.283
543.7264
543.0789
543.4651
543.7061
543.647
543.8505
543.7508
543.4966
543.1701
542.5075
542.3029
542.9881
543.8215
543.8498
543.0903
543.0665
543.0063
543.0127
543.1377
543.2697
543.2657
543.2378
543.0085
544.3362
543.8992
544.1278
544.0334
543.9537
542.2823
542.4302
543.1643
542.8221
543.1977
542.5533
542.6048
543.2589
543.5533
543.8497
543.1926
543.0362
543.0201
543.7487
542.9192
543.8934
543.7561
543.9309
544.0107
542.2763
536.5092
536.0733
543.6514
543.4387
542.9789
543.8597
543.4831
542.4902
542.7673
543.9063
543.8009
543.5342
542.7949
542.9133
541.3459
542.6648
543.1063
542.3859
542.994
543.9721
542.7965
542.876
542.8813
544.346
541.0483
542.9088
542.9985
544.0167
544.2252
542.8869
543.7276
544.0756
543.9736
543.5386
543.8484
543.7756
543.4139
542.8264
543.5301
543.9269
544.0279
542.5375
542.8526
544.2268
543.0762
542.6139
543.1115
543.3211
543.5724
543.5159
543.5197
543.8723
544.1148
543.8666
543.8561
543.8545
542.9388
543.1598
541.8405
542.6858
542.7975
542.7599
542.5405
543.008
542.8703
543.194
542.8679
543.4983
542.7876
542.7836
543.4994
543.4456
539.2607
542.9992
544.1768
544.1698
543.9403
543.0696
542.9456
542.7402
543.8807
543.6707
543.267
542.9545
543.0649
543.2503
543.1568
543.9448
544.3952
543.3433
543.5643
543.014
542.9309
543.516
543.2284
543.2066
543.3684
540.7084
541.8328
543.8639
543.3913
543.3378
542.8673
543.0516
541.6691
542.9971
542.2313
543.1102
544.3185
543.063
543.3786
542.2165
544.2983
543.2934
542.955
542.5605
542.5835
543.8505
542.8331
542.9945
543.5798
541.8088
543.0765
542.8798
542.3269
541.869
541.9876
543.4299
542.594
543.7805
543.5916
543.2131
543.7724
540.1153
542.6743
542.3219
543.8362
542.945
543.2743
543.1139
542.0587
543.9477
543.3699
543.3102
541.5207
545.3831
541.9846
542.4847
542.0038
543.0492
542.2549
542.2542
542.741
542.8546
543.0365
543.1145
542.9815
543.163
544.1465
544.1554
543.9576
543.6225
545.244
543.8602
542.8027
543.0149
543.4568
543.5203
543.417
542.9
541.9868
543.3522
543.5148
543.6078
542.8397
543.6371
543.2347
542.854
544.1125
543.4596
542.3717
542.1037
544.6239
544.007
543.2849
543.8187
543.4601
543.9514
543.1657
542.7745
543.3861
543.6239
543.658
543.6096
543.4526
544.3477
543.9258
539.4517
541.6694
543.8784
543.4421
543.2567
543.6024
543.513
543.0138
543.202
541.9963
542.5226
542.5166
542.9266
544.3856
543.9283
545.1767
546.0125
543.1074
543.1206
543.2397
543.0006
542.3593
544.3654
543.7754
543.1098
542.5817
541.0003
543.4174
542.4329
543.6932
543.4605
543.8598
542.2443
542.7376
542.6427
543.5875
543.8343
543.3988
540.9262
542.4109
543.4525
543.0985
539.3265
541.3737
544.2474
543.6072
543.1019
543.1082
543.0894
542.4737
543.2858
543.6054
543.5392
542.4749
543.5114
542.8192
541.6452
542.6455
543.3815
543.21
542.6662
542.558
542.2412
544.9051
542.805
543.0878
543.5515
543.4056
543.5756
543.7685
542.8904
542.6421
543.3519
543.2227
542.1258
542.5108
544.3195
544.0759
543.8653
541.8246
543.9715
543.3789
542.6751
542.7062
543.6126
544.2794
543.8014
543.116
543.4293
544.0244
541.9255
542.3486
543.6981
543.7426
543.7035
543.9875
543.7378
543.2852
543.3941
542.7989
542.7742
542.5455
542.5239
542.5708
541.8399
542.3543
542.5638
543.3032
543.5033
541.5055
541.8722
541.8104
543.6552
542.6939
543.4573
543.953
541.7634
541.4001
543.8725
538.4788
542.9991
543.1933
543.1284
543.107
542.5625
540.8305
541.0812
542.8814
544.0254
542.6583
543.1214
542.8012
543.9192
542.9605
542.7975
542.5651
544.0382
544.0614
543.7122
543.5612
543.427
542.7605
542.6607
542.3841
543.5158
543.6674
543.5032
543.9975
543.3327
544.1591
543.9661
543.4041
543.2432
543.6804
541.4604
541.6422
543.1806
543.5183
543.9828
545.5679
545.7359
543.7554
543.7283
542.9182
543.4096
544.497
543.1428
542.7467
543.4535
543.7388
543.5098
543.7202
542.9951
542.6612
543.378
543.3256
543.5853
543.7524
544.1341
542.9953
541.3662
544.0512
543.9694
542.7966
543.2662
543.2412
542.2821
544.0925
543.5461
543.0616
543.2259
544.074
542.592
543.8504
543.2785
543.3931
543.1991
543.1223
542.5615
542.7836
540.6954
544.0449
543.7059
543.6125
543.4272
542.9973
543.0759
543.1255
543.3314
543.8878
543.6004
543.0845
543.5022
543.2057
543.2365
542.6024
543.1225
542.4799
542.2863
542.4261
543.1806
543.3651
542.6502
543.92
543.6021
543.3646
543.3536
542.7848
544.1189
544.3891
538.7416
544.0676
543.9872
543.479
543.9122
543.3985
541.8844
541.8197
544.0089
544.6414
542.0162
544.2622
544.1209
543.349
542.8262
539.2332
543.6072
543.4082
543.5748
542.4816
542.8347
542.8103
542.7746
540.3881
543.3372
543.5659
544.1897
546.1206
543.7014
543.8569
542.3853
542.8194
542.0776
543.9897
542.434
542.808
541.0768
543.355
543.3897
543.1733
544.1949
543.0852
546.3168
542.6701
543.4685
543.6247
543.9384
543.0624
543.0795
543.3401
544.9836
543.7834
543.5554
543.5618
542.5042
542.9831
542.8764
543.0693
543.2799
542.8308
542.8918
541.4397
541.532
542.5154
543.4956
540.4689
539.9414
543.3319
543.1841
543.4438
543.0944
545.2652
542.7076
542.3561
542.7911
542.5273
543.2564
541.369
543.6715
544.2462
544.1976
543.9145
544.5093
541.4178
543.1474
542.498
541.8024
542.7361
542.9099
542.8909
542.5196
544.1031
543.2834
543.2005
543.4873
540.7704
539.1293
540.4492
540.679
544.6367
543.7394
544.2544
542.2345
542.7231
542.6662
542.573
542.8718
542.9692
542.2914
542.705
544.5832
542.0806
542.2536
542.3164
542.5652
540.2773
539.6035
541.7585
540.876
542.076
543.9933
543.7658
545.0118
543.2937
543.7131
541.9542
543.2863
543.3231
539.9812
539.323
543.2802
542.7732
542.7003
542.6707
543.0079
545.9126
542.9405
544.7104
539.8496
541.5866
541.4799
543.9648
543.9832
543.9538
544.3113
542.6929
539.0863
543.5933
544.2942
541.6869
544.142
544.9611
543.2481
542.1327
543.1003
541.9382
541.674
542.3051
542.0564
541.955
544.156
541.6906
542.5559
542.0543
543.4494
543.51
543.2179
542.2704
543.2139
544.2248
544.5288
539.6727
542.3419
541.643
539.6958
541.2525
541.8818
539.6422
543.7485
543.8018
541.0189
540.4222
545.1413
541.8774
542.389
541.5151
543.1103
544.0838
543.6062
540.282
540.8632
543.84
543.2755
542.9878
540.2913
542.1008
545.3886
539.8934
542.8169
539.3207
542.9194
542.8467
541.2598
541.6532
541.7129
542.7784
544.4994
542.4353
543.2686
542.9326
542.6332
543.3897
543.096
543.9137
542.4754
544.1319
545.358
544.2007
541.8894
543.1079
540.7676
542.0287
542.9898
543.9978
541.2825
543.9484
543.2706
541.2255
542.1766
541.1867
541.7091
543.2323
543.4715
541.9427
543.4096
543.3139
542.9252
543.8777
543.7982
541.7155
542.1642
543.086
543.992
544.2422
544.1663
543.2698
543.3782
542.5135
543.4588
540.7579
539.0793
543.6275
543.3514
543.6988
541.3698
541.6481
541.171
543.4879
545.5247
543.7013
543.8151
542.8898
542.8871
542.8674
543.1349
542.8818
545.5405
540.0744
544.3308
543.5436
543.4102
543.2989
542.8638
543.9565
539.0867
543.8862
543.4302
543.7028
543.7987
543.3062
542.5944
543.3759
543.192
542.2059
546.0976
543.397
542.8646
543.695
542.8889
545.7263
540.5571
541.8247
541.2672
544.1936
542.0787
541.4004
542.6043
543.3478
544.139
542.8128
543.4275
543.4328
541.796
541.5278
543.6237
543.7773
543.5345
543.6628
542.7289
542.1527
545.3066
543.6673
543.2311
543.7426
541.392
543.344
543.4143
543.3513
541.6116
542.6801
543.562
543.4599
543.8533
543.5955
543.6548
542.3091
543.3011
539.6052
541.3996
543.343
543.2528
543.0902
540.9896
543.6404
544.6626
544.0582
540.6248
538.6916
542.9918
542.9761
544.5972
544.3313
544.1789
539.2215
541.3782
542.3234
542.7331
540.5474
544.5598
541.0729
543.9039
542.9659
543.5013
544.7833
539.6691
543.4087
545.3638
543.3949
543.3531
543.4095
543.4288
543.0524
543.3005
541.3869
543.0797
542.4486
545.6326
543.6791
542.8154
543.8483
543.7142
544.2498
542.5489
542.911
543.675
543.6416
543.4918
543.5872
540.6212
544.6318
543.8585
543.1712
543.1333
540.482
543.3559
543.3217
543.5928
536.2707
538.2024
539.3834
540.6461
542.2037
542.1604
543.0116
543.6637
541.2015
540.3121
545.0619
542.9398
540.7802
543.4538
543.4269
543.4943
542.9602
544.0028
543.4852
543.6962
541.9998
541.0316
542.0344
542.39
542.3629
542.0781
541.5243
545.7289
544.1175
543.9
544.1552
543.7368
546.3976
544.3147
544.017
545.568
543.7884
543.3643
541.9708
542.5837
541.1858
542.4239
542.8494
541.0948
544.4763
543.3613
541.618
541.8678
541.2367
543.6463
543.7289
538.2756
543.8627
543.8358
543.7778
542.181
540.8613
541.4059
542.6699
541.9035
544.1187
543.6508
543.3866
540.2333
543.55
544.084
541.2119
539.7242
542.3732
538.2571
541.5216
543.0816
544.0667
543.5811
544.3432
543.1185
543.0093
540.4238
544.2932
546.2022
540.8841
545.9029
541.9562
542.8498
538.8171
542.1026
543.9172
543.8636
543.7788
543.7066
543.841
544.4725
543.1743
544.1251
542.7629
543.0249
543.197
542.9598
543.4267
543.6691
543.5085
541.3425
541.403
541.0705
542.967
543.2235
543.8479
538.4398
545.7704
539.5865
541.3888
543.7501
543.5371
543.5658
541.514
540.8534
545.7148
540.8661
544.4638
545.3763
537.976
540.1407
542.7279
542.2245
544.7826
544.2219
544.1424
540.2861
543.8906
544.0079
545.9639
544.1047
543.1981
541.5291
541.8854
542.9827
542.6679
545.3658
544.7456
538.1242
546.1725
543.2899
543.9692
543.5718
543.0259
543.7217
545.4837
543.6502
543.2658
543.6965
544.1142
543.1433
543.4931
541.0055
542.5201
545.7205
542.3186
544.7737
544.5797
543.2192
543.6975
542.2403
545.2211
545.5516
544.5152
543.6327
544.1572
544.1342
543.5025
544.0837
545.0394
543.4296
545.2114
540.661
538.7605
540.9758
542.4478
544.434
543.7652
544.0663
545.248
543.3079
542.934
542.0207
543.5467
543.584
541.0944
543.2581
543.1888
539.3339
542.6069
542.3977
544.9701
544.9128
542.4643
542.7035
541.649
543.3344
543.5506
543.2012
541.5464
543.7005
542.0916
544.1417
542.7315
543.9983
543.2894
538.3121
538.6122
540.3758
543.8257
541.939
538.8719
543.8549
543.0252
543.6113
543.1194
543.526
543.8888
543.8242
544.4604
541.9192
543.0846
543.3648
543.7456
542.4887
543.3703
543.1871
543.1757
544.2144
544.0966
540.1638
543.5189
543.3323
544.0204
540.6656
543.8056
544.1564
542.3153
544.2456
544.1782
543.0805
542.213
542.8396
543.58
543.8182
543.5529
544.4877
543.3242
545.2129
544.2634
543.4871
543.1811
543.4174
543.6423
542.6424
545.3892
543.1809
543.8473
543.6718
545.6587
543.6659
543.5493
544.5865
539.4017
540.8863
540.7896
542.4967
543.8856
539.4436
543.8459
543.5928
542.4174
543.845
543.1258
539.8796
543.5728
542.853
544.3007
543.3813
543.5341
541.7871
541.9114
544.012
543.2273
542.4192
544.4454
544.461
542.9
546.3491
543.3847
540.9233
539.9119
543.6016
545.9093
544.05
544.2572
541.9036
540.6386
544.3222
539.0782
542.1437
545.2607
543.2829
545.5441
543.1849
534.3413
542.5068
541.9486
543.2184
543.6861
543.4218
543.7009
543.7706
543.3817
541.5324
543.5416
544.0034
543.4025
543.6989
543.5584
544.5303
543.6254
544.1675
545.9056
543.2678
543.4166
543.5044
543.2254
543.3354
540.2927
541.8557
543.9706
544.5023
543.3726
544.0549
544.4601
544.7697
543.5026
545.8441
543.4472
543.8898
542.3377
543.5596
537.7812
543.535
543.8729
543.5374
541.9945
543.1227
542.6224
544.5503
543.5812
541.3131
543.5096
544.2343
542.2864
540.6322
538.5462
544.1641
542.4619
543.2691
544.1332
543.5461
543.0387
542.4169
543.4706
544.8474
543.8764
541.0465
543.1092
543.2893
543.2187
543.2711
538.7926
543.7479
543.8173
543.3697
543.7811
543.8183
538.6789
543.1778
543.8672
543.2359
543.1828
542.3814
538.4806
543.5552
543.9989
543.1213
538.8183
543.4313
543.4193
543.6785
543.5678
542.6457
542.9021
538.8309
544.1565
542.0712
544.986
542.9838
543.6588
542.3382
542.624
543.1936
542.7552
543.5348
543.3568
543.6951
543.6224
543.7963
543.7398
543.9121
543.8793
543.8944
543.8948
543.9581
543.9564
543.9028
543.9292
543.9869
543.9436
543.9153
543.9743
543.7656
543.8225
543.66
543.7056
543.7763
543.7112
543.6694
543.7304
543.7663
543.7237
543.872
543.813
543.9863
543.9126
543.9709
544.003
543.9141
543.9274
543.9172
543.9302
543.8157
543.8918
543.724
543.7637
543.7784
543.7587
543.8331
543.8073
543.7996
543.8054
543.8474
543.8327
543.7162
543.7707
543.625
543.6767
543.666
543.6518
543.7781
543.7364
543.722
543.7505
543.9292
543.8294
543.9222
543.9019
543.953
543.9643
543.7947
543.8568
543.7022
543.7377
543.7838
543.7395
543.6702
543.7198
543.7636
543.7111
543.8277
543.7832
544.0383
543.9786
543.9083
543.936
543.9404
543.9323
543.7322
543.8426
543.8081
543.7593
543.9277
543.8757
543.9713
543.9359
544.0507
544.0331
543.9025
543.9589
543.9479
543.9847
543.8715
543.8903
544.0011
543.9524
543.9272
543.9464
543.9992
543.9444
543.9835
544.0096
543.7285
543.8496
543.7283
543.734
543.6648
543.6906
543.8732
543.762
543.9602
543.9361
543.8914
543.9224
543.9927
543.9454
543.9516
543.9959
543.7704
543.8482
543.6862
543.7248
543.6896
543.6914
543.8214
543.7606
543.7962
543.7912
543.9034
543.8442
544.034
543.9697
543.9749
544.0221
543.774
543.8597
543.7035
543.744
543.8082
543.7633
543.7178
543.7736
543.7978
543.7614
543.8612
543.825
543.9705
543.9132
543.9488
543.9926
543.7925
543.8705
543.6872
543.7437
543.6988
543.6963
543.7078
543.704
543.7958
543.7584
543.9002
543.8459
543.996
543.9338
543.9724
544.0053
543.7524
543.8488
543.6359
543.6918
543.4224
543.5374
543.7644
543.6225
543.7198
543.7346
543.8349
543.7778
543.8767
543.8492
543.7036
543.7901
543.5997
543.6579
543.2732
543.4602
544.2927
543.75
546.8024
543.4885
544.9482
541.5048
543.8401
542.8575
543.7541
543.9406
544.26
544.2902
544.8161
543.0571
544.7746
544.5878
546.2353
541.5107
544.6323
541.9459
543.2964
543.1574
543.0181
543.3339
543.5587
543.5432
543.295
543.3028
543.6103
543.6352
543.3104
543.1048
543.3283
543.3264
543.0977
543.1321
543.4473
543.5433
543.418
543.4193
543.4682
543.3328
543.4776
543.5941
543.4131
543.3095
543.4294
543.5205
543.4413
543.4
543.4694
543.4414
543.3329
543.3444
543.4567
543.4796
543.3425
543.3428
543.4463
543.5123
543.5126
543.2083
543.0377
543.4192
543.5803
543.9062
544.2261
545.4152
540.6718
543.5931
544.7748
543.258
542.979
543.4731
544.0781
543.3224
543.8903
543.7966
544.7551
543.9191
544.0078
544.1104
543.5715
544.1057
544.3
544.1606
544.8415
544.3935
544.2595
544.3334
544.1536
544.1435
544.9527
544.3537
544.7528
543.6001
543.0676
544.0129
544.6274
543.4839
537.2967
543.845
544.8126
542.6146
544.7825
544.1219
543.9592
544.2727
543.4685
544.8213
544.123
544.6466
543.28
542.3515
542.7702
543.0695
543.1414
543.3277
543.5029
543.5155
543.3364
543.3423
543.5325
543.6093
543.4137
543.2178
543.2832
543.3313
543.1334
543.122
543.361
543.4792
543.398
543.4537
543.6559
543.4602
543.4903
543.5163
543.4372
543.2851
543.2242
543.5131
543.5936
543.3819
543.304
543.4992
543.4899
543.3024
543.2788
543.5242
543.5277
543.3198
543.2928
543.505
543.6078
543.4259
542.9103
543.2804
543.6212
543.8576
544.1833
544.4534
544.4304
544.6114
535.1964
538.0775
544.0505
544.3613
544.5017
544.0801
542.3371
543.1713
543.1997
543.4128
543.5195
543.4532
543.3398
543.4019
543.5956
543.5387
543.2834
543.1874
543.3145
543.2364
543.1179
543.2323
543.4496
543.4893
543.4392
543.5945
543.4739
543.4358
543.4838
543.4902
543.322
543.2528
543.489
543.577
543.4023
543.3399
543.502
543.4888
543.3053
543.3013
543.5064
543.5143
543.3199
543.3092
543.4886
543.5735
543.4493
543.0412
543.1712
543.5306
543.7597
544.0566
544.3039
544.8726
544.0266
543.0566
543.1271
543.0701
543.3271
543.5467
543.5484
543.2914
543.3141
543.5946
543.6374
543.3415
543.1508
543.3331
543.3379
543.0878
543.1148
543.4247
543.5277
543.3801
543.4134
543.5332
543.3802
543.5023
543.5676
543.477
543.31
543.3169
543.5047
543.535
543.4094
543.3743
543.4586
543.4355
543.3382
543.3549
543.4833
543.4508
543.3508
543.36
543.489
543.5738
543.3277
543.0059
543.3359
543.6123
543.857
544.2017
544.8492
542.1965
543.0347
544.4106
544.554
544.0905
542.1659
543.1609
536.5193
544.4102
539.8043
543.2281
541.5715
543.5251
543.2725
543.6929
543.5587
543.9668
543.7932
544.027
544.0195
544.1222
544.0202
543.6718
543.8965
544.0268
543.8153
544.0291
544.027
543.7465
543.8624
544.2322
543.9399
544.0004
544.1248
543.8951
544.0163
544.0759
543.9152
543.6913
543.9337
544.0706
543.8964
544.0171
544.0229
543.7778
543.887
544.2309
543.9866
543.727
543.9537
543.8638
543.7779
544.0422
543.9328
543.7907
543.9499
544.0668
543.9425
544.0279
543.9946
543.7285
543.9117
544.1418
543.8869
544.0436
544.0909
543.8577
544.0178
543.7181
543.7736
543.9429
543.7912
543.7953
543.9693
543.7746
543.6864
543.8817
543.8783
544.2563
544.0125
544.0277
544.1358
543.931
544.0511
544.0513
543.9287
543.6562
543.8895
544.0629
543.885
543.7808
543.9361
543.675
543.6444
543.7181
543.7443
543.6585
543.6543
543.8679
543.7903
543.9065
543.9232
544.2036
544.0119
543.7751
543.9776
544.0701
543.8807
544.0631
544.0863
543.8837
543.924
543.8165
543.9115
544.0356
543.8879
544.0324
544.061
543.7939
543.8851
544.2861
543.9942
543.8261
544.0665
543.8028
543.825
544.0252
543.9747
543.8405
543.8937
543.9797
543.8776
544.0384
544.0339
543.7761
543.8825
544.2528
543.9628
544.0446
544.1534
544.0526
544.0939
544.0508
544.0772
543.7203
543.8536
544.0831
543.9431
544.0838
544.0697
543.798
543.9043
544.3191
543.996
543.9268
544.1366
544.0212
544.0463
544.0611
543.9617
543.8029
543.9599
544.0784
543.9555
544.0307
544.0419
543.7869
543.8864
544.2757
543.9799
544.0605
544.1662
544.0383
544.0825
544.1437
544.0688
543.6916
543.9292
544.1174
543.9199
544.0277
544.0541
543.8692
543.9389
544.181
543.9574
544.0205
544.1089
544.049
544.0461
544.1192
544.1937
544.1569
544.0521
543.7505
543.9606
544.0653
543.8898
544.0746
543.983
543.6818
543.8821
543.6882
543.6412
542.1772
543.3107
545.7422
544.0982
544.2099
544.2861
544.3349
542.3689
544.2029
539.8103
544.4711
544.5068
543.9403
542.9894
543.2499
544.558
544.7473
543.7014
543.5643
544.3752
544.301
544.349
543.1475
543.0752
543.4171
543.3611
543.4449
543.5179
543.4266
543.1342
543.3176
543.537
543.6049
543.5873
543.1396
543.1459
543.277
543.3167
543.2221
542.9107
543.1354
543.3656
543.4791
543.488
543.2609
543.4354
543.219
543.323
543.4643
543.4097
543.4806
543.4374
543.3337
543.1042
543.2424
543.3966
543.5611
543.5695
543.2476
543.3701
543.4186
543.4323
543.432
543.1888
543.3168
543.435
543.4822
543.4536
543.1822
543.3514
543.4126
543.4906
543.588
543.3209
542.958
543.0871
543.5381
543.6056
543.9274
543.7999
544.5305
546.5215
543.5197
544.5673
544.984
544.1669
544.19
544.1487
543.5155
543.4271
542.1857
543.8066
543.9798
543.8684
544.2036
543.623
544.0756
544.6132
544.1002
543.7216
544.3312
544.5299
544.3618
544.3623
544.1859
544.29
544.3662
543.2071
543.5861
543.9779
544.1357
543.6717
543.8695
544.4529
544.1499
543.291
543.5214
543.6854
543.8343
543.9989
543.8515
543.584
544.388
543.1847
543.5287
541.3695
542.944
543.0943
541.6212
542.9345
534.3793
544.7163
543.3129
542.9883
543.0874
542.8045
543.43
543.4563
543.6177
543.4205
543.2386
543.3206
543.2196
543.4398
543.3767
543.7765
543.5486
543.3058
543.4491
543.1493
543.208
543.1312
543.4941
543.234
543.0352
543.121
543.0264
543.2644
543.2145
543.6263
543.4511
543.344
543.4182
543.3451
543.4896
543.3149
543.3852
543.4022
543.4246
543.6305
543.42
543.6857
543.2452
543.1756
543.3338
543.2809
543.6791
543.5066
543.3819
543.4927
543.2962
543.3747
543.3655
543.6289
543.3916
543.2965
543.3884
543.2307
543.3658
543.3201
543.6645
543.424
543.3163
543.4017
543.2537
543.3783
543.3666
543.631
543.4946
543.4418
543.6408
543.1339
542.961
542.7708
543.5477
543.5558
543.9236
543.7789
543.8427
544.443
544.097
544.7301
543.8677
535.6563
544.5325
542.3416
543.4731
543.4402
543.5665
543.3922
543.3761
543.6838
543.5344
543.1827
543.3997
543.2021
543.2197
543.5451
543.4782
543.2496
543.4797
543.549
543.4866
543.3023
543.6316
543.5524
543.4108
543.5387
543.4307
543.3614
543.5721
543.4533
543.4094
543.5736
543.6091
542.9607
543.5527
543.9012
543.9308
543.9815
543.4794
541.639
543.552
543.8024
543.2907
543.4892
543.5266
543.4923
543.4983
543.5748
543.5152
543.5152
543.4658
543.357
543.6201
543.477
543.9537
543.0736
543.5751
543.1809
543.8725
543.7319
543.9502
543.8451
543.7341
543.8358
543.8022
543.6008
543.7941
544.0117
543.5108
543.5663
543.7415
543.5672
543.6306
543.86
543.5464
543.3957
543.8073
543.7501
543.6912
543.81
544.0734
543.7615
543.8488
544.1904
543.5213
543.5657
543.801
543.6066
543.7003
543.919
543.701
543.4726
543.9356
543.9694
543.5151
543.7591
543.7723
543.5348
543.754
543.9502
543.4834
543.536
543.6814
543.5111
543.5265
543.7823
543.1065
543.1469
543.5372
543.3495
543.6315
543.5947
543.6002
543.6818
543.702
543.6028
543.7938
543.7631
543.8993
543.8277
543.6372
543.8487
543.5893
543.4419
543.853
543.7941
543.7443
543.8414
543.9594
543.731
543.9205
544.1686
543.6187
543.6291
543.7485
543.7046
543.8443
543.7856
543.9894
543.9365
543.7698
543.9244
543.8456
543.7722
543.4981
543.7789
543.5488
543.3102
543.856
543.8742
543.7295
543.7102
543.7749
543.758
543.9048
543.8216
543.7286
543.9295
543.5838
543.5944
543.8163
543.6329
543.686
543.9318
543.6658
543.4476
544.0355
543.9857
543.7539
543.9822
543.6041
543.5849
543.5939
543.6774
543.4935
543.512
543.775
543.5692
543.6532
543.8926
543.6128
543.4461
543.8907
543.8244
543.8065
543.876
543.9216
543.7934
543.8636
544.0612
543.6066
543.674
543.8019
543.6358
543.6967
543.9211
543.7582
543.4907
544.0121
544.0587
543.7876
543.8772
543.9009
543.7709
543.8531
544.0339
543.5595
543.6469
543.7778
543.603
543.655
543.8943
543.5984
543.4376
543.8389
543.7935
543.7424
543.8186
543.9962
543.7596
543.9576
544.2084
543.4619
543.5946
543.8046
543.5638
543.7151
543.8915
543.6671
543.5509
543.8791
543.8265
543.7181
543.835
543.5066
543.6471
543.4223
543.3314
543.64
543.7194
543.6086
543.5245
543.9035
543.6309
543.8773
543.9368
544.1972
541.7472
543.7229
544.2471
542.3221
543.221
543.0343
543.4567
545.912
543.4511
543.2837
543.0595
543.0203
543.039
543.0713
544.4767
544.0049
543.5256
543.3414
543.5989
543.3659
543.3746
543.3826
543.3669
543.6062
543.5627
543.5453
543.0447
543.1552
543.184
543.179
543.2277
543.4819
543.3943
543.4445
543.5003
543.873
543.3111
543.2335
543.3539
543.2735
543.242
543.6167
543.5644
543.5678
543.3607
543.4259
543.28
543.3601
543.2779
543.467
543.4041
543.4492
543.3693
543.716
543.371
543.5131
543.7332
542.6805
543.3934
543.5756
543.683
543.4841
543.7479
544.982
543.6987
543.1786
543.3558
542.098
543.5667
544.6186
543.665
543.7424
544.5563
544.5676
544.4691
544.3254
544.7114
544.2354
543.8056
543.1777
543.3858
544.0492
543.3023
543.6716
543.2361
543.4829
543.3895
543.4835
543.0471
543.1194
542.9814
544.9798
544.7919
546.1023
543.4781
543.3662
543.3998
542.2207
543.7892
543.8459
543.9579
543.0791
543.3621
543.0358
543.5023
543.2139
542.1572
543.4014
542.7208
543.2443
543.0802
543.3884
543.2681
543.4604
543.5225
543.4338
543.333
543.136
543.416
543.2112
543.3354
543.5335
543.3942
543.2256
543.0596
543.311
543.1983
543.4603
543.5668
543.4567
543.3712
543.1134
543.4952
543.2629
543.3252
543.1341
543.3604
543.2801
543.1868
543.2153
543.0634
543.3468
543.4989
543.761
543.5445
543.1888
543.8442
543.6069
543.8772
543.6178
543.5057
543.2792
543.0704
543.3831
543.0442
543.2226
543.2268
543.1907
543.1242
542.8975
543.1815
543.3768
543.0838
543.3597
543.2108
543.4445
543.2303
543.548
543.5075
543.3788
543.4243
543.3619
543.4623
543.3552
543.4297
544.3542
540.8946
539.5536
544.0675
542.0635
544.0814
544.2141
544.1869
543.9122
543.6038
543.6319
544.8096
542.8036
543.3732
545.4054
543.4303
543.4476
543.1038
543.3908
543.1204
543.6749
543.2289
543.3494
543.2774
543.2299
543.1341
543.5588
543.4522
543.6004
543.7478
543.4586
543.3429
543.2671
543.3863
543.4195
543.355
543.6669
543.3283
542.9584
543.3054
543.354
543.5921
543.423
543.5496
543.3764
543.5476
543.4376
544.527
543.4226
544.2337
542.6553
543.2914
544.1846
544.394
543.5229
543.9141
544.2978
544.1458
544.5175
544.2891
544.0501
543.8919
545.7289
543.7594
543.6867
543.71
543.7675
543.402
543.6573
543.6013
544.1471
544.0478
543.5339
543.8036
544.379
544.1374
544.1519
544.0809
544.0021
544.0887
543.9812
543.5787
543.8135
543.8236
543.7283
543.454
543.592
543.4732
543.5199
543.7788
543.5719
543.4312
543.6028
543.7924
543.6282
543.7758
543.7495
543.36
543.655
543.6503
543.4144
543.4261
543.5333
543.5399
543.5489
543.8692
543.6354
543.5731
543.7157
543.902
543.7457
543.9002
543.8288
543.7115
543.9063
543.8098
543.7116
543.5417
543.634
543.4167
543.5153
543.7217
543.51
543.3869
543.5174
543.3594
543.4879
543.5982
543.4126
543.2386
543.4715
543.4839
543.3397
543.7301
543.6348
543.7954
543.7183
543.7987
543.7959
543.439
543.5894
543.8575
543.6609
543.9014
543.8404
543.6051
543.8051
543.9334
543.7368
543.6146
543.7317
543.5762
543.6573
543.7954
543.6533
543.6645
543.7186
544.1274
543.8781
544.0333
544.1686
543.8658
543.8757
544.0877
544.0016
543.9293
544.0631
543.8625
543.8236
543.7496
543.8241
543.8804
543.7916
543.7289
543.8197
543.6535
543.6839
543.6235
543.674
543.8685
543.6878
543.5286
543.6986
543.8064
543.6933
543.8239
543.7663
543.4941
543.7028
543.7108
543.6005
543.4786
543.5757
543.4898
543.5384
543.8039
543.586
543.4904
543.6531
543.9523
543.7353
544.0014
543.9426
543.7335
543.9037
544.0363
543.8612
543.6326
543.8107
543.5653
543.6389
543.8189
543.6362
543.5508
543.6901
543.9758
543.7665
544.0186
543.9609
543.7047
543.9035
543.9737
543.8063
543.5859
543.7508
543.5137
543.609
543.8092
543.6054
543.4642
543.6507
543.8826
543.692
543.915
543.8652
543.6579
543.8421
544.0317
543.8047
543.8192
543.8675
543.8075
543.9201
543.8598
543.762
543.5843
543.6756
543.8734
543.7785
543.8424
543.8232
543.4258
543.6949
543.7638
543.5287
543.7327
543.8597
543.4012
543.536
543.9526
543.6226
543.9664
543.8242
543.8772
544.1473
543.8819
543.9583
539.0869
543.8495
540.1375
544.0046
546.1899
543.2401
542.8465
543.2486
543.2993
543.56
543.2162
543.6695
543.6768
543.4513
543.0853
543.0768
543.5508
543.2348
543.1572
543.5205
543.5459
543.5569
543.2156
543.3907
544.3729
543.3248
543.6016
543.0948
543.4371
541.8876
543.7028
543.1563
543.1718
541.2484
543.6797
543.6098
542.993
543.3115
543.6963
543.8657
543.6117
543.5827
543.1576
543.2683
543.3209
543.1685
543.6603
544.5944
544.5573
544.4078
544.5113
544.3014
544.729
544.7338
543.7412
544.4911
543.2613
544.0686
543.2263
542.8892
543.4945
541.5841
543.5173
543.4722
543.7866
543.5115
543.3703
543.6028
543.5735
539.4107
541.2962
543.3102
543.4729
543.1212
542.9748
543.1075
543.3837
543.2901
544.0094
543.6882
543.816
543.6677
544.0267
544.0049
542.8414
543.2698
543.1978
543.218
543.6963
543.0603
543.8541
543.8024
543.5464
545.7887
543.1967
543.2573
543.4777
543.3903
542.1387
542.8287
543.2923
542.7532
542.0153
542.1017
544.5968
543.8495
544.7372
544.5914
543.1232
542.9691
543.759
544.3821
542.9471
543.1564
543.1696
543.3412
543.8906
543.7694
542.4127
543.488
543.1653
543.2412
543.2415
542.9714
543.348
543.2382
543.2993
543.2967
543.2668
543.4035
543.7266
543.5644
543.5372
543.2717
543.4374
543.3803
543.3943
543.233
543.3167
543.3983
543.0223
543.5501
544.1092
543.892
544.2674
543.3517
542.9827
545.5389
543.3381
540.4479
544.631
543.6067
543.3038
543.4418
543.5964
543.1192
543.062
543.3696
543.5284
543.0673
543.1583
543.2151
543.5071
543.6201
544.0211
543.2257
543.192
543.3786
543.2832
543.5641
544.3946
544.1052
544.1791
543.5133
544.1047
543.268
543.8299
543.1369
543.6866
543.555
544.0157
543.5519
543.6487
543.3542
543.4355
542.392
543.2003
543.2506
543.5278
544.0949
543.2861
543.4428
543.0339
543.4062
543.1627
543.2443
543.2717
544.0469
543.2928
544.0889
544.0515
542.9923
543.2496
543.129
543.4354
543.6255
543.8265
543.0637
543.1386
543.1689
543.1929
543.3679
543.5416
543.2603
543.262
543.2892
543.2984
543.8003
539.7594
543.8216
543.0479
543.0231
542.9902
542.9063
543.4775
543.4614
543.6853
543.3253
543.2723
543.3926
541.7076
544.2294
543.5256
543.6273
543.4697
543.695
543.585
543.3503
543.7222
543.7701
543.7363
543.8248
543.3544
543.3416
543.5384
543.6441
542.9758
543.1559
543.3726
543.1108
543.4143
543.5822
543.458
543.2506
543.8151
543.7699
543.8423
543.896
543.6533
543.5706
543.5092
543.7231
543.7656
543.5099
543.8704
543.8349
544.0408
544.0354
543.9698
543.9292
543.8269
543.8973
543.5095
543.7851
543.4607
543.2702
543.7037
543.7089
543.2884
543.634
543.2568
543.079
543.225
543.427
543.0176
543.154
543.1027
542.9869
543.2995
543.1865
543.3848
543.2088
543.4029
543.6078
543.3355
543.2634
543.4347
543.2927
543.8521
543.8153
543.8121
543.6731
543.8399
543.8888
544.0539
544.0032
543.8367
543.8857
543.6748
543.8746
544.0082
543.7188
544.0401
544
544.1725
544.0798
544.1164
543.8368
543.9219
543.9519
543.8826
544.0818
543.996
543.9799
544.3102
543.9526
544.131
543.8939
543.985
543.6379
543.5312
543.7567
543.0961
543.2389
543.6406
543.2678
543.6491
543.814
543.8913
543.8475
543.9356
543.7306
543.8779
543.4348
543.3936
543.5109
543.6832
543.5948
543.4427
543.5618
543.4948
543.8803
543.8626
543.8775
543.7635
543.8988
543.8041
543.8573
543.5002
543.5097
543.4905
543.6587
543.6624
543.4738
543.6047
543.5438
543.8562
543.8753
543.8573
543.8164
543.9326
543.7296
543.8802
543.4594
543.4031
543.4387
543.6672
543.3955
543.3124
543.4289
543.3392
543.8534
543.8003
544.0815
544.1747
544.2056
544.2479
544.2313
543.9111
543.5432
543.8426
543.3809
543.3798
543.529
543.3639
543.5831
543.9953
543.7456
543.7942
543.3291
543.7703
545.6405
543.9435
543.3794
544.2275
544.0336
543.6157
544.0105
542.8839
543.1536
543.1097
543.53
543.9161
541.0122
544.279
544.4922
543.8974
543.2431
542.7872
543.6301
543.3768
544.6464
545.3023
543.2607
543.0545
543.2761
543.4663
542.9528
543.352
543.3082
543.3331
543.3234
543.2314
544.2372
543.592
543.1575
543.3914
543.1581
543.8136
544.2337
543.0482
543.1095
543.0764
543.2038
545.7665
543.1766
542.7891
543.9167
543.3239
544.2744
542.3972
537.9542
544.2835
544.2938
544.6963
544.5006
544.4468
544.7004
543.9499
544.6171
542.6504
543.4289
543.9844
537.9675
543.2233
543.454
542.0224
543.7324
541.1222
542.7058
542.7148
543.4374
543.2607
541.984
543.3275
543.3464
543.5804
543.3053
542.7052
543.0628
543.5499
543.6384
542.4432
542.6753
542.6257
542.6775
543.244
542.7708
542.804
543.0162
542.9436
544.8011
543.7935
543.3997
543.4226
542.2348
543.2525
543.3625
543.9745
544.1824
544.0514
544.1873
543.6812
543.6021
543.9862
543.7258
543.7017
543.8028
543.7591
543.8489
543.6838
543.6762
543.2882
540.8153
544.0532
543.9557
543.8831
544.1153
543.3705
543.604
543.7208
542.739
543.6142
543.5756
542.829
543.762
542.4419
543.706
543.9311
543.6134
543.5558
543.8236
543.7398
543.5231
542.0577
542.5891
543.3716
543.7604
544.0742
543.7914
543.7821
544.3544
545.483
543.6188
539.5466
539.2728
544.7533
544.6119
543.5399
543.594
543.8991
543.8098
543.3643
544.1057
542.4188
542.87
543.7169
543.1011
543.6295
543.0833
543.277
542.0423
542.6435
543.0047
542.5205
543.1813
543.3397
543.2056
543.2324
543.9619
543.8025
543.6923
543.3166
543.6342
542.8314
542.9407
543.0869
544.3985
542.6261
543.3157
542.8037
543.3377
543.2868
543.1941
543.5234
543.6217
542.7173
543.8336
544.3438
543.1972
543.2653
543.2454
543.1913
543.74
543.1504
542.5544
543.5181
543.5832
543.1569
543.4742
543.782
543.5426
543.4322
543.5812
542.3133
540.0667
542.9207
542.8107
544.3778
544.3119
543.8249
544.9554
544.5163
543.5263
540.9058
543.8034
543.5207
543.7332
544.4355
544.1265
543.6892
544.6244
543.671
543.7437
543.7025
543.9996
543.4007
543.4849
543.3364
543.2328
543.0246
543.2177
543.0707
542.9885
543.4386
543.3561
543.5717
543.3416
543.4749
543.6806
543.4885
543.3531
543.379
543.5594
543.0337
543.1881
543.3567
543.2003
543.5675
543.4858
543.3684
543.5111
543.3125
543.2003
543.8449
543.6022
543.4547
543.75
543.5015
543.3692
543.7712
543.6783
543.3706
543.5142
543.7413
543.499
543.6889
543.7528
543.353
543.5004
542.8061
543.1014
543.0815
542.8999
542.9265
543.059
542.7934
542.8878
542.9882
542.9162
543.3872
543.2615
543.6672
543.4631
543.7776
543.65
543.827
543.8103
543.7013
543.7915
543.5669
543.5779
543.3367
543.591
543.1099
543.1033
543.6113
543.318
543.482
543.6912
543.4853
543.3732
543.9805
543.7463
543.5446
543.9079
543.8985
543.5445
543.6789
543.8422
543.6941
543.8091
543.8404
544.0792
543.5797
543.5424
543.695
543.3851
543.3818
543.2796
543.522
543.4075
543.4789
543.5955
543.4056
543.7115
543.7674
543.4049
543.6096
543.4835
543.3038
543.7699
543.7564
543.1676
543.7564
543.5238
543.5065
543.9859
543.8303
543.5368
543.843
543.5738
543.3832
543.8206
543.4209
543.8133
543.2552
543.3534
543.6458
543.4117
543.8239
543.8134
543.7389
543.8254
543.6983
543.649
543.683
543.425
543.8573
543.298
542.66
544.0537
543.3188
543.4531
543.8223
543.403
543.4092
543.582
544.7933
543.5934
544.7165
542.7291
543.6543
543.248
544.0652
543.2169
542.9075
543.0705
543.2937
543.5681
542.3087
545.0494
543.0824
543.6107
545.3803
544.7054
542.8587
544.3215
544.5529
543.614
543.7702
543.2166
543.512
542.0203
543.6012
543.2392
543.8693
543.5718
543.8021
543.7475
544.0965
543.7243
543.1854
543.4568
543.5898
543.0123
544.1368
542.992
542.3415
545.6754
543.3923
543.1519
543.142
543.5073
543.2902
542.8241
542.9554
542.7253
543.6663
544.0288
543.5387
543.2304
543.3703
543.438
543.5776
543.1921
543.6698
543.7339
543.826
543.6391
543.5265
543.6703
543.7451
544.1702
543.6881
544.0111
544.3885
544.0504
544.6309
544.3421
544.7496
544.6756
544.5935
545.0888
543.7539
543.7445
543.2278
543.278
544.1894
543.3734
542.9786
543.9352
544.0711
543.4601
543.4407
543.6275
542.8653
543.1926
543.5547
543.2134
543.3747
543.616
543.0554
543.2275
543.0638
543.4285
544.1909
542.819
543.3267
542.7939
543.0005
539.5784
543.2403
543.7136
543.4337
544.1817
544.0771
543.967
544.1775
544.2873
543.863
543.9275
543.8651
542.7148
543.0854
543.9605
543.1968
543.3884
543.1193
543.2012
543.7323
543.9083
543.4418
543.7262
543.5204
543.6791
543.0363
543.2868
543.1776
543.6436
543.8146
543.5654
543.3246
543.483
543.186
543.8827
543.9687
543.4814
544.0926
542.9965
543.7331
543.3149
543.5614
543.5535
543.0639
542.9926
541.5157
543.4625
540.7596
543.2185
543.2308
543.7077
543.1975
543.0113
542.7988
544.1709
543.345
544.1483
542.8878
543.5595
543.2195
543.6729
543.7837
543.9063
543.432
543.2367
543.8201
542.6191
542.7813
544.2816
543.513
543.5941
543.893
539.3104
539.877
543.4915
543.2944
542.6482
542.4278
542.9977
542.9806
543.9422
544.258
543.3496
543.6914
543.2404
545.7154
541.5756
543.0679
542.7101
543.7073
543.4007
543.7167
543.7509
543.4091
543.9566
544.3847
542.8646
542.4006
542.9538
543.3327
543.0348
542.9823
543.0555
543.0982
543.7728
543.8452
544.0431
543.5432
544.0964
543.3368
543.9192
543.1396
543.0239
543.9397
544.0936
543.757
544.689
545.1108
543.0518
543.219
543.0476
543.3401
543.5386
543.1349
541.1343
543.436
543.7073
542.8767
542.9429
540.0068
542.9001
543.0316
543.1712
543.8353
543.6922
542.6049
543.366
543.2148
543.1644
543.0818
545.8408
543.608
544.9715
544.2714
543.5848
543.2414
543.347
543.4164
543.7792
541.5252
543.6316
543.946
543.5561
543.2595
543.5125
543.4353
543.2915
543.4845
543.3464
543.5816
543.603
543.3812
543.43
543.2392
543.3183
543.1342
543.352
543.3041
543.1883
543.4332
543.3215
543.6261
543.5193
543.5053
543.6198
543.7948
543.491
543.8388
543.9212
543.9381
543.9041
543.4278
543.518
543.5452
543.6009
543.3671
543.3377
543.3109
543.3136
543.1761
543.187
542.3946
542.9374
542.4424
542.3306
542.6284
542.5828
542.5361
542.7123
543.097
542.9187
543.3058
543.14
543.6819
543.4067
543.8591
543.6796
543.8531
543.8844
543.5224
543.6309
543.4186
543.4724
543.4323
543.4582
543.3227
543.4539
543.323
543.2179
543.6047
543.5238
543.8123
543.7573
543.8232
543.6996
543.8178
544.0123
543.0861
542.8828
543.3792
542.8886
542.9168
543.4285
543.3352
543.4371
543.4421
543.7158
543.5102
543.9496
543.8716
543.8005
543.8898
543.7746
543.824
542.5317
543.7299
543.8254
543.659
543.8292
543.8776
545.213
543.8797
544.1373
543.8186
543.8252
543.8771
543.5525
543.6553
543.5509
543.5115
543.1267
543.2104
542.9628
543.065
543.461
540.2789
544.4408
540.93
543.6074
542.373
544.244
543.7224
543.6512
543.1316
542.9129
542.7333
542.9136
542.1658
543.3099
543.3806
543.2233
543.5439
543.3171
543.8234
542.1722
543.3436
542.1278
541.9635
544.172
543.7102
544.1037
542.7017
543.8341
545.4036
542.8913
543.2752
543.1908
543.2978
543.8844
543.814
543.3278
543.5016
543.3103
545.6381
543.0738
547.0491
544.3589
542.5173
543.9875
543.4316
543.8522
543.4747
543.7577
543.4679
543.6619
543.608
544.286
543.3459
544.2629
543.5458
544.3464
545.2906
542.8418
544.2701
544.6491
543.9033
545.1316
544.9076
543.9788
543.4038
543.5607
543.6756
543.3678
541.5816
543.4607
543.2219
543.4879
546.3843
544.5676
543.5558
543.5546
543.607
543.6991
543.7881
544.0544
543.5638
543.6943
543.7618
543.3034
543.576
543.5511
544.1948
543.2815
543.6461
541.3885
544.2534
544.0792
543.7958
543.9528
543.6406
545.2713
543.915
543.4478
543.0022
543.9477
543.3831
543.4394
543.8067
543.9134
543.7598
543.6906
543.727
542.6703
542.3605
542.0822
543.8456
544.0001
543.4964
542.7682
544.1505
543.6132
544.0054
543.6732
543.6196
543.5372
543.3375
543.3342
543.292
543.4966
543.3726
541.8886
543.8167
543.7266
543.8328
543.5851
542.5248
544.0546
542.1096
543.4374
543.3698
543.3283
543.4575
542.9175
542.4704
543.8656
543.6548
543.4938
543.0654
543.5008
543.2661
543.5855
543.1725
544.1878
543.7629
542.2832
543.5523
543.4604
542.8364
542.1723
545.336
543.2841
543.9685
543.9952
543.9413
541.2689
543.3975
543.3319
543.0716
543.4232
543.2972
543.3229
543.1272
542.3452
542.6256
542.5294
543.2151
543.982
544.3927
543.5401
543.7163
543.6114
543.5927
543.1606
543.5596
543.6416
544.6838
544.1185
544.0684
543.5666
543.8526
545.0518
542.4904
542.8644
543.4208
543.5287
543.7063
543.4273
543.4401
542.5061
544.1615
543.8735
544.3732
544.4392
543.2964
542.5402
542.1411
541.9075
542.513
543.0099
543.5814
543.6327
541.9619
543.0683
543.3246
543.7331
543.4622
543.5158
543.6786
545.1609
546.4324
545.6469
543.5067
544.0492
543.8768
543.5765
543.4695
543.4076
542.5526
542.5659
542.3762
543.7669
543.7404
543.5803
543.5731
543.6389
543.617
543.3461
542.675
543.4342
543.1056
543.0331
543.5659
543.5359
543.4115
543.2939
543.8852
543.9919
543.5596
543.5445
545.6981
542.7623
542.6859
543.2077
543.5242
543.6233
543.8072
543.3887
543.3672
543.5594
543.1792
543.2707
543.2223
543.3595
543.9701
540.6818
543.6821
543.7064
543.2906
543.5944
544.763
543.4885
543.2205
543.3205
543.1131
543.2613
542.9838
543.6033
543.6599
543.4588
543.4676
543.4209
543.4584
543.223
543.2158
542.9714
543.1082
542.6688
542.9066
542.6324
542.7933
543.3333
542.9435
543.6253
543.3965
543.6635
543.6282
543.3532
543.5852
543.7773
543.4077
544.0324
544.0393
543.8518
543.6874
543.6114
543.8717
543.5866
543.5673
543.4761
543.4231
542.6642
542.9991
541.7274
541.977
541.8631
542.0755
542.0044
541.9764
542.3925
542.2332
542.3937
542.6845
542.5236
542.4065
544.0526
543.113
544.4734
544.1138
543.6324
543.9227
543.3925
543.3738
543.4264
543.5164
543.4107
543.3929
543.3257
543.4157
543.2833
543.3623
543.3061
543.2543
543.2777
543.399
543.6812
543.3597
543.9534
543.8305
543.7515
543.4349
543.9138
543.2215
543.4241
543.2941
543.5153
543.3825
542.9359
543.3375
543.2365
543.5492
543.4101
543.405
543.327
543.8966
543.2394
543.4911
543.3868
541.8882
542.0403
543.5997
543.6447
543.4162
543.9784
543.9041
543.2985
543.3384
543.4654
543.7894
541.8662
543.4473
541.9123
540.5066
539.6955
544.0486
542.0827
543.6183
543.0245
544.1782
542.9137
543.8766
542.99
543.4068
542.9412
543.1189
543.5268
545.7265
543.2949
543.1961
544.1758
544.9729
544.5136
543.1442
542.7394
543.8052
544.7405
544.0457
543.2026
543.7047
543.0239
544.0166
543.6208
543.7283
542.9448
543.3193
542.7443
543.049
541.9342
543.4956
543.2322
546.0117
543.3327
541.8805
542.9645
541.4639
543.9453
541.3543
541.9313
543.6076
543.4978
543.7038
543.7853
543.6058
544.6286
543.5229
541.802
542.0233
543.4262
543.3466
543.5092
543.8276
544.3092
544.8367
544.3864
544.1521
544.0664
543.2906
542.15
543.2905
542.3492
543.3468
544.1319
543.4938
543.7408
543.2656
543.1735
543.6757
543.7719
541.3255
541.7635
543.1454
543.8097
544.0982
542.4342
543.8314
541.6664
541.7388
541.3112
543.8875
544.3126
544.0023
543.6062
544.0041
543.2952
542.5771
543.5445
543.8608
543.123
543.1626
544.492
543.9342
543.2998
543.23
543.3944
543.4868
543.6156
543.7514
543.6518
543.8158
543.0162
543.0105
543.7327
543.664
543.4856
541.8467
540.7103
543.641
543.3425
543.5317
543.8983
543.8754
543.7911
543.0949
543.3948
543.594
543.3777
543.5105
543.5262
544.8918
543.4224
542.0633
542.0609
540.8628
543.0248
541.826
543.6102
543.8201
543.3759
544.5151
542.6634
543.2518
543.3806
543.384
544.1853
543.9052
544.4301
543.9172
543.3442
544.3805
543.1269
543.3622
545.0607
543.7056
546.4632
543.8897
546.3493
544.7274
545.2323
543.5894
542.5019
543.9331
543.2749
543.564
542.51
542.2639
543.3054
543.4497
542.207
543.5171
542.1094
543.6674
544.4733
543.284
543.3836
543.3825
543.326
544.4763
543.2183
543.4056
543.0223
543.6757
543.6807
543.4314
543.5765
542.1055
542.1611
542.2881
543.8404
543.3379
543.8595
543.6559
542.4141
542.9501
543.8418
543.5748
543.3243
543.1941
542.3219
542.7411
543.344
543.1453
543.7011
543.6365
543.8888
542.9023
543.2725
543.3064
543.437
542.8781
542.9624
543.0043
543.5435
543.3375
543.2944
543.4579
545.081
543.5086
543.6153
544.2758
544.3119
544.095
542.3938
544.2018
543.7248
543.9517
543.8373
543.7863
544.0964
544.2843
543.252
542.9962
543.3622
543.68
543.8207
543.4317
545.5821
546.3334
543.9316
543.3458
543.889
543.525
543.4653
543.4788
543.1945
543.2092
542.5865
542.9228
541.5185
542.232
542.6498
542.2275
543.9915
543.7562
543.7925
543.5341
543.2263
543.6095
544.2742
543.5924
544.6313
544.254
543.1555
543.74
543.1958
543.2266
544.181
543.1564
543.3387
541.7098
541.3154
541.8079
540.9136
541.3134
542.1425
541.9886
542.1503
541.8458
542.1082
542.0211
542.2738
545.3871
542.4813
543.1965
543.5684
543.4202
543.5142
543.4998
543.3309
543.435
543.3582
543.4041
543.332
543.3408
543.2565
543.3535
543.413
543.3941
543.566
543.5184
544.6912
544.0111
543.9455
543.9692
543.3404
544.8374
543.5642
543.3712
541.2587
543.8882
544.0817
544.331
543.7422
543.2497
543.5621
542.4945
545.8198
541.9651
539.6744
541.1198
543.2039
539.4342
540.3703
541.9558
543.4643
543.5833
543.4164
540.0627
540.863
543.9507
542.9152
543.624
543.8593
542.681
543.2004
543.3371
544.0495
543.9762
544.9701
543.0161
543.3756
542.9036
543.9383
543.7966
543.7019
543.5603
543.484
543.6823
543.7752
542.6977
541.8473
543.7888
544.0982
543.8965
543.4001
543.365
540.6251
543.2565
543.39
545.2907
541.2848
541.0556
543.2944
543.1315
542.8024
542.7491
542.9759
543.1114
542.0737
543.4731
543.5007
543.3772
543.4115
543.3507
541.8067
541.8846
542.8148
540.8502
543.8339
545.0182
543.4195
545.809
543.9293
543.6212
545.7113
543.9552
538.5995
544.5639
544.4325
543.2406
543.3741
544.1276
543.6745
543.8348
543.1651
543.2095
543.1999
542.8799
543.823
543.1434
543.562
537.386
542.9713
543.2569
545.5652
539.1696
543.3427
543.1334
543.6945
543.9503
543.6334
543.5231
543.5642
543.6725
543.815
543.0509
543.6767
543.5474
543.7166
543.7883
543.5522
542.9034
543.308
543.7993
543.4331
545.494
543.9782
543.9202
543.6166
543.7908
543.6858
543.753
543.4057
544.1371
543.9185
543.0218
543.506
543.5977
542.0934
543.6411
541.5611
543.4469
544.1838
543.4834
543.7454
543.1114
542.8515
543.372
542.9553
541.1218
543.7745
543.1943
543.5109
543.1574
543.9272
542.6112
542.5239
542.6367
543.4864
543.4763
542.6745
542.5461
542.8054
545.8499
544.5857
543.3834
543.1697
544.7863
542.4569
539.3021
543.8845
542.4811
542.7043
543.1981
543.7999
543.7944
543.2076
543.3292
544.1223
544.8087
542.9661
540.2705
542.6528
545.6494
543.6287
544.0261
543.3957
543.006
543.5258
542.4197
543.0697
543.4833
543.5277
543.4308
539.8071
543.3311
543.3857
544.1163
542.9598
544.1346
544.0067
537.515
543.5346
542.7951
542.1123
545.5993
543.3657
541.2838
541.8813
542.1305
541.4316
544.2593
543.8157
543.2528
543.1709
542.4845
543.2276
543.3714
543.0729
541.0711
543.4218
543.5234
541.8956
545.6006
544.1329
545.1945
544.4032
543.5899
543.0134
543.5136
543.5389
541.0987
540.5476
541.456
541.134
543.9868
543.0375
541.2589
543.6911
543.1596
543.3769
541.4145
545.0884
543.4869
543.2831
543.5416
542.93
540.2265
543.1575
543.4292
543.5483
543.8813
544.2649
543.4416
543.7426
543.4915
543.5837
535.8464
538.3536
537.7769
544.2765
543.7108
543.8865
543.5893
543.0027
543.1696
542.9671
543.1165
544.3312
543.4451
543.6379
546.353
541.603
543.6873
543.6142
543.7822
543.5803
543.5712
543.3581
543.8059
543.2129
543.448
542.7517
543.2343
543.0796
543.4672
543.7842
543.5631
544.6174
544.1824
542.3427
543.4471
543.3189
542.2333
543.6458
543.1116
543.6243
543.892
543.6347
544.0992
543.8883
538.2123
543.4429
543.8344
541.4937
543.7177
541.0148
542.4385
540.0167
542.7386
542.5512
543.1906
543.1183
543.6076
538.2086
543.9648
541.1971
539.8663
543.1897
543.1349
543.1849
543.3891
543.3873
543.4273
543.0807
543.274
543.3088
543.2413
543.3171
543.4019
543.1716
543.3578
543.3052
543.5266
543.1272
542.8839
541.1638
543.4732
543.9221
545.4928
543.6883
543.3691
543.3326
543.2358
543.294
543.4365
543.4907
545.8122
543.1847
542.8629
543.368
541.9733
543.446
545.7662
542.6037
542.6684
543.8401
538.8145
541.8943
541.4338
539.6498
542.4358
543.0632
539.7533
541.7318
540.7587
543.5091
543.6758
544.0451
543.612
544.0028
543.2578
544.3998
544.3492
543.8409
540.2315
543.0915
543.3137
543.7618
540.9635
543.315
543.0477
543.2935
545.8053
543.4178
543.0829
543.5624
541.3495
542.7504
543.699
545.9376
546.4492
544.0132
544.2546
542.9952
540.3946
539.3702
540.681
541.3903
538.0835
544.055
543.8888
543.6479
542.9087
541.6475
541.5345
540.2543
542.8581
542.6349
543.3099
545.6336
543.3391
544.3471
543.6305
540.9844
541.72
543.8199
542.7736
539.4002
544.2077
545.7799
541.8186
544.3889
543.476
541.9038
545.7938
540.2818
544.0644
543.6848
543.3085
543.5961
543.3441
543.7862
543.7399
539.956
539.1601
538.9804
545.4449
546.4158
542.5277
535.4595
543.381
543.4499
543.6098
541.9076
543.2926
543.5472
543.6855
543.2069
537.1868
543.1535
544.3058
544.1992
544.223
542.0668
543.4984
544.1159
537.2683
543.0421
543.7977
543.4874
543.71
542.6434
543.6526
539.7374
542.441
542.5513
543.3508
540.7337
543.388
543.6059
543.3818
543.8941
543.7591
543.7915
544.3607
544.2112
544.01
544.0251
543.43
542.4022
543.5787
543.2187
543.4237
543.2141
543.4015
543.1543
545.5185
544.0638
543.7525
543.3106
545.4178
543.4834
543.7062
543.2347
543.6426
543.4489
544.1839
543.5134
543.4801
543.266
543.3341
543.7016
543.5824
543.7366
543.5948
543.6402
543.682
543.3324
543.4672
543.7893
544.0085
544.2325
542.0731
543.5292
542.8976
543.8208
543.1852
542.4386
543.4385
541.0836
543.9592
544.7553
543.8927
543.9357
543.1564
543.6067
543.6603
543.6851
543.4736
543.5945
544.3698
537.2844
543.268
543.5839
543.504
542.2622
543.9824
543.4116
543.432
544.407
542.8188
544.1478
543.7604
543.7177
543.3585
543.557
544.3194
543.2923
544.0357
543.9472
543.7166
543.9627
543.3376
545.7341
537.2561
543.0966
542.4063
543.9895
543.584
542.8855
543.3374
543.0632
545.3721
543.4968
544.2957
543.8057
545.2907
546.1388
544.6481
543.5718
539.9306
543.4927
543.9761
541.2062
543.5044
543.3584
542.6639
543.951
544.3321
543.5034
543.4865
543.4007
543.4169
544.9718
543.1741
543.351
544.0387
543.4837
541.0558
543.5315
543.6541
543.5687
543.907
540.2501
539.572
540.1457
540.3207
542.9462
543.0893
543.2707
543.6161
544.3513
543.2305
543.4349
541.132
543.811
543.7363
542.3894
543.6672
543.813
543.6457
543.1256
544.4237
541.3043
543.6392
542.7838
543.425
543.5706
543.778
543.2869
543.1635
541.621
544.4835
542.9153
543.0369
542.0917
543.7647
543.741
544.1466
543.3869
543.3579
543.4719
543.2652
542.9673
545.499
543.0057
543.3555
543.5669
544.8882
543.85
540.8385
543.625
543.2939
542.6896
543.2449
541.1063
544.9865
544.033
543.6623
542.7832
543.259
543.1857
542.926
543.5518
544.7604
543.105
543.6239
543.9645
542.7956
543.2808
539.752
545.9982
543.243
542.3353
543.3553
543.4647
543.8561
538.1095
543.4665
543.906
546.4855
546.6958
544.7061
545.8864
543.6326
546.6167
543.0103
543.5815
542.177
543.8732
546.4211
543.6618
541.6859
545.6885
537.4847
545.2963
543.3876
542.8003
542.5423
545.6388
545.0134
545.3393
544.6564
542.4596
543.9394
543.3815
543.3377
542.6754
542.725
543.3523
545.0026
543.5235
543.0244
543.091
543.8602
545.6889
544.3157
545.4609
545.3564
545.1098
545.1082
545.0605
544.8369
544.8935
544.8403
543.0544
543.3934
540.4689
544.9419
545.8722
544.3258
544.7091
544.3688
544.6812
544.7379
543.1372
543.5503
543.2777
542.8482
542.7185
542.8218
542.7095
542.0942
542.0859
542.1721
543.26
542.6105
543.8846
543.0192
543.0811
543.8174
544.587
543.9041
544.2836
544.6246
544.7503
546.2332
538.5782
540.5565
545.6849
545.0224
544.9249
545.1512
545.368
540.461
545.8743
545.4186
545.5418
544.1381
543.8104
542.0019
543.4581
543.6865
544.144
545.2751
544.772
545.3456
538.0354
543.2302
545.3179
542.7558
546.581
545.0459
544.648
543.4368
542.4961
542.7378
543.8506
544.7923
544.7195
544.9062
543.0432
544.1076
545.6157
546.5122
545.0448
542.9818
544.2225
544.8658
544.0694
543.3457
543.5167
544.9196
545.6276
543.9022
545.1301
543.9425
542.6616
543.6582
544.6346
544.9991
545.4327
544.5993
543.969
544.0275
543.7317
545.6041
544.5943
544.6904
546.4365
544.8113
545.0285
545.4196
544.614
544.8423
544.6852
544.9602
544.4711
546.6351
543.0661
543.0918
544.2093
544.4442
543.6858
544.8388
544.5064
543.5982
544.0024
542.8062
542.0481
542.0006
542.1482
542.0072
542.6178
542.4394
543.0567
543.2651
543.8656
543.8935
544.4373
544.6153
546.204
545.085
542.7878
543.2305
545.0078
546.3196
546.4932
545.4287
544.6282
544.7566
543.9437
543.6049
544.4323
545.1892
546.586
545.5192
543.7099
542.5186
542.7068
544.9385
543.2197
546.5254
545.5663
542.7605
543.92
545.3228
542.5503
542.9658
542.8701
542.4193
544.8539
545.957
541.984
542.4759
544.1766
543.3043
543.3802
542.3506
544.4393
545.1676
544.8989
542.7846
542.8934
543.0789
543.4825
543.282
544.6303
544.6056
543.6308
544.6775
544.0823
541.8046
541.687
544.348
543.8514
544.5322
541.8785
541.8887
542.3589
542.1113
543.2064
544.938
542.9492
543.9447
544.6375
543.8562
544.4585
545.5665
544.6139
543.9539
543.5783
544.0172
545.413
544.2134
543.6373
541.3364
543.4967
543.991
544.4544
542.8499
543.1681
543.6142
544.4903
545.8013
545.2413
542.7975
542.8012
546.4286
544.9235
545.5397
543.83
541.9102
543.7874
543.5621
544.3932
545.9143
544.1429
543.2133
543.6861
545.3603
546.4556
545.8819
542.7925
544.4749
542.1228
542.0318
542.3501
542.6787
542.5292
546.0332
546.7743
544.4543
543.1383
541.434
542.0932
542.8642
544.1993
542.86
542.8294
542.6177
544.9309
543.3283
541.7085
541.4805
544.2896
541.9547
541.6272
545.9174
545.2886
540.0588
540.1068
540.4351
544.9726
542.3693
542.1669
543.7799
544.316
542.9379
542.3168
542.3928
542.1793
542.7306
543.2572
543.8296
543.0059
542.867
544.6398
543.332
542.5178
545.4757
543.8086
544.6014
542.4925
542.1714
541.1154
543.309
543.6091
544.7365
546.4281
545.8893
543.529
544.4679
545.2314
542.12
542.8898
540.6018
539.9237
545.2243
542.3761
540.6066
542.4113
544.4375
545.7984
545.1762
539.2622
543.6451
543.2368
542.9512
541.6286
541.8935
543.2957
541.5208
541.8058
542.1956
543.2471
540.7586
543.6191
543.2674
541.2932
540.9912
541.5661
540.6173
542.5441
541.9314
541.115
542.3459
544.5163
541.7396
541.9354
542.1361
543.4467
545.3379
544.2523
544.4482
544.065
545.1536
542.4974
538.392
544.3902
545.5615
541.2533
541.4855
545.4977
541.2708
544.6412
543.6283
543.2274
537.0576
543.2048
544.21
536.4985
543.4715
537.5486
544.3073
545.477
546.2409
541.4446
538.9277
542.0441
540.9657
543.3389
542.0246
540.9006
540.0527
540.6376
541.19
537.2745
545.4874
544.9485
542.3685
541.2347
544.5152
541.6818
541.912
543.7268
543.1605
545.9682
543.776
537.0577
542.9775
544.8132
544.3993
541.5639
542.675
540.6823
541.5546
539.9948
545.0645
540.2984
540.6876
538.776
543.3962
544.4859
541.1777
543.289
543.6336
542.9611
539.0765
541.5274
543.482
544.9969
543.6578
542.9564
542.4714
542.8684
543.275
540.7987
545.4809
542.1146
544.7162
547.4535
543.6323
542.8936
542.9358
541.5889
542.1945
541.7857
537.1675
546.2079
542.2409
541.1868
542.5113
543.1713
545.848
543.9528
543.7409
540.7398
544.4307
544.2289
544.5802
545.2509
543.287
543.0433
542.0167
540.018
543.1916
543.4514
539.8806
542.8361
538.4834
542.3736
540.5031
542.7558
544.1479
542.6417
541.7679
542.5705
539.4353
540.6522
542.0928
540.0719
544.1374
541.0172
541.6579
541.6767
)
;
    }
}


// ************************************************************************* //
