/*--------------------------------*- C++ -*----------------------------------*\
  =========                 |
  \\      /  F ield         | OpenFOAM: The Open Source CFD Toolbox
   \\    /   O peration     | Website:  https://openfoam.org
    \\  /    A nd           | Version:  11
     \\/     M anipulation  |
\*---------------------------------------------------------------------------*/
FoamFile
{
    format      ascii;
    class       faceSet;
    location    "constant/polyMesh/sets";
    object      nonOrthoFaces;
}
// * * * * * * * * * * * * * * * * * * * * * * * * * * * * * * * * * * * * * //


9920
(
0 
1 
3 
4 
6 
7 
9 
10 
12 
13 
15 
16 
18 
19 
21 
22 
24 
25 
27 
28 
30 
31 
33 
34 
36 
37 
39 
40 
42 
43 
45 
46 
48 
49 
51 
52 
54 
55 
57 
58 
60 
61 
63 
64 
66 
67 
69 
70 
72 
73 
75 
76 
78 
79 
81 
82 
84 
85 
87 
88 
90 
91 
93 
94 
96 
97 
99 
100 
102 
103 
105 
106 
108 
109 
111 
112 
114 
115 
117 
118 
120 
121 
123 
126 
129 
132 
135 
138 
141 
144 
147 
150 
153 
156 
159 
162 
165 
168 
171 
174 
177 
180 
49394 
49397 
49400 
49403 
49406 
49409 
49412 
49415 
49418 
49421 
49424 
49427 
49430 
49433 
49436 
49439 
49442 
49445 
49448 
49451 
49454 
49457 
49458 
49460 
49461 
49463 
49464 
49466 
49467 
49469 
49470 
49472 
49473 
49475 
49476 
49478 
49479 
49481 
49482 
49484 
49485 
49487 
49488 
49490 
49491 
49493 
49494 
49496 
49497 
49499 
49500 
49502 
49503 
49505 
49506 
49508 
49509 
49511 
49512 
49514 
49515 
49517 
49518 
49520 
49521 
49523 
49524 
49526 
49527 
49529 
49530 
49532 
49533 
49535 
49536 
49538 
49539 
49541 
49542 
49544 
49545 
49547 
49548 
49550 
49551 
49553 
49554 
49556 
49557 
49559 
49560 
49562 
49563 
49565 
49566 
49568 
49569 
49571 
49572 
49574 
49575 
49577 
49579 
49582 
49585 
49588 
49591 
49594 
49597 
49600 
49603 
49606 
49609 
49612 
49615 
49618 
49621 
49624 
49627 
49630 
49633 
49636 
377317 
377319 
49639 
377321 
49642 
377323 
377325 
377327 
377329 
377331 
377333 
377335 
377337 
377339 
377341 
377343 
377345 
377347 
377349 
377351 
377353 
377355 
377357 
377359 
377361 
377363 
377365 
377367 
377369 
377371 
377373 
377375 
377377 
377379 
377381 
377383 
377385 
279082 
377387 
279083 
377389 
279085 
279086 
377391 
279088 
377393 
279089 
377395 
279091 
279092 
377397 
279094 
377399 
279095 
377401 
279097 
279098 
377403 
279100 
377405 
279101 
377407 
279103 
279104 
377409 
279106 
377411 
279107 
377413 
279109 
279110 
377415 
279112 
377417 
279113 
377419 
279115 
279116 
377421 
279118 
377423 
279119 
377425 
279121 
279122 
377427 
279124 
377429 
279125 
377431 
279127 
279128 
377433 
279130 
377435 
279131 
377437 
279133 
279134 
377440 
279136 
377441 
279137 
377443 
279139 
377444 
279140 
377446 
279142 
377447 
279143 
377449 
279145 
377450 
279146 
377452 
377453 
279149 
377455 
377456 
279152 
377458 
377459 
279155 
377461 
377462 
279158 
377464 
377465 
279161 
377467 
377468 
279164 
377470 
377471 
279167 
377473 
377474 
279170 
377476 
377477 
279173 
377479 
377480 
279176 
377482 
377483 
279179 
377485 
377486 
279182 
377488 
377489 
279185 
377491 
377492 
279188 
377494 
377495 
279191 
377497 
377498 
279194 
377500 
377501 
279197 
377503 
377504 
279200 
377506 
377507 
279203 
377509 
377510 
377512 
377513 
377515 
377516 
377518 
377519 
377521 
377522 
377524 
377525 
377527 
377528 
377530 
377531 
377533 
377534 
377536 
377537 
377539 
377540 
377542 
377543 
377545 
377546 
377548 
377549 
377551 
377552 
377554 
377555 
377557 
377558 
377560 
377561 
377563 
377566 
377569 
377572 
377575 
377578 
377581 
377584 
377587 
377590 
377593 
377596 
377599 
377602 
377605 
377608 
377611 
377614 
377617 
99090 
377620 
99093 
99096 
99099 
99102 
99105 
99108 
99111 
99114 
99117 
99120 
99123 
99126 
99129 
99132 
99135 
99138 
99141 
99144 
99147 
99150 
99153 
426834 
426837 
426840 
426843 
328540 
426846 
328543 
426849 
328546 
426852 
328549 
426855 
328552 
426858 
328555 
426861 
328558 
426864 
328561 
426867 
328564 
426870 
328567 
426873 
328570 
426876 
328573 
426879 
328576 
426882 
328579 
426885 
328582 
426888 
328585 
426891 
328588 
426894 
328591 
426897 
328593 
426898 
328594 
426900 
328596 
426901 
328597 
426903 
328599 
426904 
328600 
426906 
328602 
426907 
328603 
426909 
328605 
426910 
328606 
426912 
328608 
426913 
328609 
426915 
328611 
426916 
328612 
426918 
328614 
426919 
328615 
426921 
328617 
426922 
328618 
426924 
328620 
426925 
328621 
426927 
328623 
426928 
328624 
426930 
328626 
426931 
328627 
426933 
328629 
426934 
328630 
426936 
328632 
426937 
328633 
426939 
328635 
426940 
328636 
426942 
328638 
426943 
328639 
426945 
328641 
426946 
328642 
426948 
328644 
426949 
328645 
426951 
328647 
426952 
328648 
426954 
328650 
426955 
328651 
426957 
328653 
426958 
328654 
426960 
328656 
426961 
328657 
426963 
328659 
426964 
328661 
426966 
426967 
328663 
426969 
328665 
426970 
328667 
426972 
426973 
328669 
426975 
328671 
426976 
328673 
426978 
426979 
328675 
426981 
328677 
426982 
328679 
426984 
426985 
328681 
426987 
328683 
426988 
328685 
426990 
426991 
328687 
426993 
328689 
426994 
328691 
426996 
426997 
328693 
426999 
328695 
427000 
328697 
427002 
427003 
328699 
427005 
328701 
427006 
328703 
427008 
427009 
328705 
427011 
328707 
427012 
328709 
427014 
427015 
328711 
427017 
328713 
427019 
328715 
328717 
427022 
328719 
427025 
328721 
328723 
427028 
328725 
427031 
328727 
328729 
427034 
328731 
427037 
328733 
328735 
427040 
328737 
427043 
328739 
328741 
427046 
328743 
427049 
328745 
328747 
427052 
328749 
427055 
328751 
328753 
427058 
328755 
427061 
328757 
328759 
427064 
328761 
427067 
328763 
328765 
427070 
328767 
427073 
328769 
328771 
427076 
754757 
328773 
754759 
427079 
328775 
754761 
328777 
427082 
754763 
328779 
754765 
328781 
754767 
754769 
754771 
754773 
754775 
754777 
754779 
754781 
754783 
754785 
754787 
754789 
754791 
754793 
754795 
754797 
754799 
754801 
754803 
754805 
754807 
754809 
754811 
754813 
754815 
754817 
754819 
754821 
754823 
754825 
656522 
754827 
656523 
754829 
656525 
656526 
754831 
656528 
754833 
656529 
754835 
656531 
656532 
754837 
656534 
754839 
656535 
754841 
656537 
656538 
754843 
656540 
754845 
656541 
754847 
656543 
656544 
754849 
656546 
754851 
656547 
754853 
656549 
656550 
754855 
656552 
754857 
656553 
754859 
656555 
656556 
754861 
656558 
754863 
656559 
754865 
656561 
656562 
754867 
656564 
754869 
656565 
754871 
656567 
656568 
754873 
656570 
754875 
656571 
754877 
656573 
656574 
754880 
656576 
754881 
656577 
754883 
656579 
754884 
656580 
754886 
656582 
754887 
656583 
754889 
656585 
754890 
656586 
754892 
754893 
656589 
754895 
754896 
656592 
754898 
754899 
656595 
754901 
754902 
656598 
754904 
754905 
656601 
754907 
754908 
656604 
754910 
754911 
656607 
754913 
754914 
656610 
754916 
754917 
656613 
754919 
754920 
656616 
754922 
754923 
656619 
754925 
754926 
656622 
754928 
754929 
656625 
754931 
754932 
656628 
754934 
754935 
656631 
754937 
754938 
656634 
754940 
754941 
656637 
754943 
754944 
656640 
754946 
754947 
656643 
754949 
754950 
754952 
754953 
754955 
754956 
754958 
754959 
754961 
754962 
754964 
754965 
754967 
754968 
754970 
754971 
754973 
754974 
754976 
754977 
754979 
754980 
754982 
754983 
754985 
754986 
754988 
754989 
754991 
754992 
754994 
754995 
754997 
754998 
755000 
755001 
755003 
755006 
755009 
755012 
755015 
755018 
755021 
755024 
755027 
755030 
755033 
755036 
755039 
755042 
755045 
755048 
755051 
755054 
755057 
476530 
755060 
476533 
476536 
476539 
476542 
476545 
476548 
476551 
476554 
476557 
476560 
476563 
476566 
476569 
476572 
476575 
476578 
476581 
476584 
476587 
476590 
476593 
804274 
804277 
804280 
804283 
705980 
804286 
705983 
804289 
705986 
804292 
705989 
804295 
705992 
804298 
705995 
804301 
705998 
804304 
706001 
804307 
706004 
804310 
706007 
804313 
706010 
804316 
706013 
804319 
706016 
804322 
706019 
804325 
706022 
804328 
706025 
804331 
706028 
804334 
706031 
804337 
706033 
804338 
706034 
804340 
706036 
804341 
706037 
804343 
706039 
804344 
706040 
804346 
706042 
804347 
706043 
804349 
706045 
804350 
706046 
804352 
706048 
804353 
706049 
804355 
706051 
804356 
706052 
804358 
706054 
804359 
706055 
804361 
706057 
804362 
706058 
804364 
706060 
804365 
706061 
804367 
706063 
804368 
706064 
804370 
706066 
804371 
706067 
804373 
706069 
804374 
706070 
804376 
706072 
804377 
706073 
804379 
706075 
804380 
706076 
804382 
706078 
804383 
706079 
804385 
706081 
804386 
706082 
804388 
706084 
804389 
706085 
804391 
706087 
804392 
706088 
804394 
706090 
804395 
706091 
804397 
706093 
804398 
706094 
804400 
706096 
804401 
706097 
804403 
706099 
804404 
706101 
804406 
804407 
706103 
804409 
706105 
804410 
706107 
804412 
804413 
706109 
804415 
706111 
804416 
706113 
804418 
804419 
706115 
804421 
706117 
804422 
706119 
804424 
804425 
706121 
804427 
706123 
804428 
706125 
804430 
804431 
706127 
804433 
706129 
804434 
706131 
804436 
804437 
706133 
804439 
706135 
804440 
706137 
804442 
804443 
706139 
804445 
706141 
804446 
706143 
804448 
804449 
706145 
804451 
706147 
804452 
706149 
804454 
804455 
706151 
804457 
706153 
804459 
706155 
706157 
804462 
706159 
804465 
706161 
706163 
804468 
706165 
804471 
706167 
706169 
804474 
706171 
804477 
706173 
706175 
804480 
706177 
804483 
706179 
706181 
804486 
706183 
804489 
706185 
706187 
804492 
706189 
804495 
706191 
706193 
804498 
706195 
804501 
706197 
706199 
804504 
706201 
804507 
706203 
706205 
804510 
706207 
804513 
706209 
706211 
804516 
706213 
804519 
706215 
706217 
804522 
706219 
706221 
853970 
853973 
853976 
853979 
853982 
853985 
853988 
853991 
853994 
853997 
854000 
854003 
854006 
854009 
854012 
854015 
854018 
854021 
854024 
854027 
854030 
854033 
2214 
2217 
2220 
2223 
2226 
2229 
2232 
2235 
2238 
2241 
2244 
2247 
2250 
2253 
2256 
2259 
2262 
2265 
2268 
2271 
2274 
2277 
2278 
2280 
2281 
2283 
2284 
2286 
2287 
2289 
2290 
2292 
2293 
2295 
2296 
2298 
2299 
2301 
2302 
2304 
2305 
2307 
2308 
2310 
2311 
2313 
2314 
2316 
2317 
2319 
2320 
2322 
2323 
2325 
2326 
2328 
2329 
2331 
2332 
2334 
2335 
2337 
2338 
2340 
2341 
2343 
2344 
2346 
2347 
2349 
2350 
2352 
2353 
2355 
2356 
2358 
2359 
2361 
2362 
2364 
2365 
2367 
2368 
2370 
2371 
2373 
2374 
2376 
2377 
2379 
2380 
2382 
2383 
2385 
2386 
2388 
2389 
2391 
2392 
2394 
2395 
2397 
2399 
2402 
2405 
2408 
2411 
2414 
2417 
2420 
2423 
2426 
2429 
2432 
2435 
2438 
2441 
2444 
2447 
2450 
2453 
2456 
330137 
330139 
2459 
330141 
2462 
330143 
330145 
330147 
330149 
330151 
330153 
330155 
330157 
330159 
330161 
330163 
330165 
330167 
330169 
330171 
330173 
330175 
330177 
330179 
330181 
330183 
330185 
330187 
330189 
330191 
330193 
330195 
330197 
330199 
330201 
330203 
330205 
231902 
330207 
231903 
330209 
231905 
231906 
330211 
231908 
330213 
231909 
330215 
231911 
231912 
330217 
231914 
330219 
231915 
330221 
231917 
231918 
330223 
231920 
330225 
231921 
330227 
231923 
231924 
330229 
231926 
330231 
231927 
330233 
231929 
231930 
330235 
231932 
330237 
231933 
330239 
231935 
231936 
330241 
231938 
330243 
231939 
330245 
231941 
231942 
330247 
231944 
330249 
231945 
330251 
231947 
231948 
330253 
231950 
330255 
231951 
330257 
231953 
231954 
330260 
231956 
330261 
231957 
330263 
231959 
330264 
231960 
330266 
231962 
330267 
231963 
330269 
231965 
330270 
231966 
330272 
330273 
231969 
330275 
330276 
231972 
330278 
330279 
231975 
330281 
330282 
231978 
330284 
330285 
231981 
330287 
330288 
231984 
330290 
330291 
231987 
330293 
330294 
231990 
330296 
330297 
231993 
330299 
330300 
231996 
330302 
330303 
231999 
330305 
330306 
232002 
330308 
330309 
232005 
330311 
330312 
232008 
330314 
330315 
232011 
330317 
330318 
232014 
330320 
330321 
232017 
330323 
330324 
232020 
330326 
330327 
232023 
330329 
330330 
330332 
330333 
330335 
330336 
330338 
330339 
330341 
330342 
330344 
330345 
330347 
330348 
330350 
330351 
330353 
330354 
330356 
330357 
330359 
330360 
330362 
330363 
330365 
330366 
330368 
330369 
330371 
330372 
330374 
330375 
330377 
330378 
330380 
330381 
330383 
330386 
330389 
330392 
330395 
330398 
330401 
330404 
330407 
330410 
330413 
330416 
330419 
330422 
330425 
330428 
330431 
330434 
330437 
51910 
330440 
51913 
51916 
51919 
51922 
51925 
51928 
51931 
51934 
51937 
51940 
51943 
51946 
51949 
51952 
51955 
51958 
51961 
51964 
51967 
51970 
51973 
379654 
379657 
379660 
379663 
281360 
379666 
281363 
379669 
281366 
379672 
281369 
379675 
281372 
379678 
281375 
379681 
281378 
379684 
281381 
379687 
281384 
379690 
281387 
379693 
281390 
379696 
281393 
379699 
281396 
379702 
281399 
379705 
281402 
379708 
281405 
379711 
281408 
379714 
281411 
379717 
281413 
379718 
281414 
379720 
281416 
379721 
281417 
379723 
281419 
379724 
281420 
379726 
281422 
379727 
281423 
379729 
281425 
379730 
281426 
379732 
281428 
379733 
281429 
379735 
281431 
379736 
281432 
379738 
281434 
379739 
281435 
379741 
281437 
379742 
281438 
379744 
281440 
379745 
281441 
379747 
281443 
379748 
281444 
379750 
281446 
379751 
281447 
379753 
281449 
379754 
281450 
379756 
281452 
379757 
281453 
379759 
281455 
379760 
281456 
379762 
281458 
379763 
281459 
379765 
281461 
379766 
281462 
379768 
281464 
379769 
281465 
379771 
281467 
379772 
281468 
379774 
281470 
379775 
281471 
379777 
281473 
379778 
281474 
379780 
281476 
379781 
281477 
379783 
281479 
379784 
281481 
379786 
379787 
281483 
379789 
281485 
379790 
281487 
379792 
379793 
281489 
379795 
281491 
379796 
281493 
379798 
379799 
281495 
379801 
281497 
379802 
281499 
379804 
379805 
281501 
379807 
281503 
379808 
281505 
379810 
379811 
281507 
379813 
281509 
379814 
281511 
379816 
379817 
281513 
379819 
281515 
379820 
281517 
379822 
379823 
281519 
379825 
281521 
379826 
281523 
379828 
379829 
281525 
379831 
281527 
379832 
281529 
379834 
379835 
281531 
379837 
281533 
379839 
281535 
281537 
379842 
281539 
379845 
281541 
281543 
379848 
281545 
379851 
281547 
281549 
379854 
281551 
379857 
281553 
281555 
379860 
281557 
379863 
281559 
281561 
379866 
281563 
379869 
281565 
281567 
379872 
281569 
379875 
281571 
281573 
379878 
281575 
379881 
281577 
281579 
379884 
281581 
379887 
281583 
281585 
379890 
281587 
379893 
281589 
281591 
379896 
707577 
281593 
707579 
379899 
281595 
707581 
281597 
379902 
707583 
281599 
707585 
281601 
707587 
707589 
707591 
707593 
707595 
707597 
707599 
707601 
707603 
707605 
707607 
707609 
707611 
707613 
707615 
707617 
707619 
707621 
707623 
707625 
707627 
707629 
707631 
707633 
707635 
707637 
707639 
707641 
707643 
707645 
609342 
707647 
609343 
707649 
609345 
609346 
707651 
609348 
707653 
609349 
707655 
609351 
609352 
707657 
609354 
707659 
609355 
707661 
609357 
609358 
707663 
609360 
707665 
609361 
707667 
609363 
609364 
707669 
609366 
707671 
609367 
707673 
609369 
609370 
707675 
609372 
707677 
609373 
707679 
609375 
609376 
707681 
609378 
707683 
609379 
707685 
609381 
609382 
707687 
609384 
707689 
609385 
707691 
609387 
609388 
707693 
609390 
707695 
609391 
707697 
609393 
609394 
707700 
609396 
707701 
609397 
707703 
609399 
707704 
609400 
707706 
609402 
707707 
609403 
707709 
609405 
707710 
609406 
707712 
707713 
609409 
707715 
707716 
609412 
707718 
707719 
609415 
707721 
707722 
609418 
707724 
707725 
609421 
707727 
707728 
609424 
707730 
707731 
609427 
707733 
707734 
609430 
707736 
707737 
609433 
707739 
707740 
609436 
707742 
707743 
609439 
707745 
707746 
609442 
707748 
707749 
609445 
707751 
707752 
609448 
707754 
707755 
609451 
707757 
707758 
609454 
707760 
707761 
609457 
707763 
707764 
609460 
707766 
707767 
609463 
707769 
707770 
707772 
707773 
707775 
707776 
707778 
707779 
707781 
707782 
707784 
707785 
707787 
707788 
707790 
707791 
707793 
707794 
707796 
707797 
707799 
707800 
707802 
707803 
707805 
707806 
707808 
707809 
707811 
707812 
707814 
707815 
707817 
707818 
707820 
707821 
707823 
707826 
707829 
707832 
707835 
707838 
707841 
707844 
707847 
707850 
707853 
707856 
707859 
707862 
707865 
707868 
707871 
707874 
707877 
429350 
707880 
429353 
429356 
429359 
429362 
429365 
429368 
429371 
429374 
429377 
429380 
429383 
429386 
429389 
429392 
429395 
429398 
429401 
429404 
429407 
429410 
429413 
757094 
757097 
757100 
757103 
658800 
757106 
658803 
757109 
658806 
757112 
658809 
757115 
658812 
757118 
658815 
757121 
658818 
757124 
658821 
757127 
658824 
757130 
658827 
757133 
658830 
757136 
658833 
757139 
658836 
757142 
658839 
757145 
658842 
757148 
658845 
757151 
658848 
757154 
658851 
757157 
658853 
757158 
658854 
757160 
658856 
757161 
658857 
757163 
658859 
757164 
658860 
757166 
658862 
757167 
658863 
757169 
658865 
757170 
658866 
757172 
658868 
757173 
658869 
757175 
658871 
757176 
658872 
757178 
658874 
757179 
658875 
757181 
658877 
757182 
658878 
757184 
658880 
757185 
658881 
757187 
658883 
757188 
658884 
757190 
658886 
757191 
658887 
757193 
658889 
757194 
658890 
757196 
658892 
757197 
658893 
757199 
658895 
757200 
658896 
757202 
658898 
757203 
658899 
757205 
658901 
757206 
658902 
757208 
658904 
757209 
658905 
757211 
658907 
757212 
658908 
757214 
658910 
757215 
658911 
757217 
658913 
757218 
658914 
757220 
658916 
757221 
658917 
757223 
658919 
757224 
658921 
757226 
757227 
658923 
757229 
658925 
757230 
658927 
757232 
757233 
658929 
757235 
658931 
757236 
658933 
757238 
757239 
658935 
757241 
658937 
757242 
658939 
757244 
757245 
658941 
757247 
658943 
757248 
658945 
757250 
757251 
658947 
757253 
658949 
757254 
658951 
757256 
757257 
658953 
757259 
658955 
757260 
658957 
757262 
757263 
658959 
757265 
658961 
757266 
658963 
757268 
757269 
658965 
757271 
658967 
757272 
658969 
757274 
757275 
658971 
757277 
658973 
757279 
658975 
658977 
757282 
658979 
757285 
658981 
658983 
757288 
658985 
757291 
658987 
658989 
757294 
658991 
757297 
658993 
658995 
757300 
658997 
757303 
658999 
659001 
757306 
659003 
757309 
659005 
659007 
757312 
659009 
757315 
659011 
659013 
757318 
659015 
757321 
659017 
659019 
757324 
659021 
757327 
659023 
659025 
757330 
659027 
757333 
659029 
659031 
757336 
659033 
757339 
659035 
659037 
757342 
659039 
659041 
806790 
806793 
806796 
806799 
806802 
806805 
806808 
806811 
806814 
806817 
806820 
806823 
806826 
806829 
806832 
806835 
806838 
806841 
806844 
806847 
806850 
806853 
282957 
282959 
282961 
282963 
282965 
282967 
282969 
282971 
282973 
282975 
282977 
282979 
282981 
282983 
282985 
282987 
282989 
282991 
282993 
282995 
282997 
282999 
283001 
283003 
283005 
283007 
283009 
283011 
283013 
283015 
283017 
283019 
283021 
283023 
283025 
184722 
283027 
184723 
283029 
184725 
184726 
283031 
184728 
283033 
184729 
283035 
184731 
184732 
283037 
184734 
283039 
184735 
283041 
184737 
184738 
283043 
184740 
283045 
184741 
283047 
184743 
184744 
283049 
184746 
283051 
184747 
283053 
184749 
184750 
283055 
184752 
283057 
184753 
283059 
184755 
184756 
283061 
184758 
283063 
184759 
283065 
184761 
184762 
283067 
184764 
283069 
184765 
283071 
184767 
184768 
283073 
184770 
283075 
184771 
283077 
184773 
184774 
283080 
184776 
283081 
184777 
283083 
184779 
283084 
184780 
283086 
184782 
283087 
184783 
283089 
184785 
283090 
184786 
283092 
283093 
184789 
283095 
283096 
184792 
283098 
283099 
184795 
283101 
283102 
184798 
283104 
283105 
184801 
283107 
283108 
184804 
283110 
283111 
184807 
283113 
283114 
184810 
283116 
283117 
184813 
283119 
283120 
184816 
283122 
283123 
184819 
283125 
283126 
184822 
283128 
283129 
184825 
283131 
283132 
184828 
283134 
283135 
184831 
283137 
283138 
184834 
283140 
283141 
184837 
283143 
283144 
184840 
283146 
283147 
184843 
283149 
283150 
283152 
283153 
283155 
283156 
283158 
283159 
283161 
283162 
283164 
283165 
283167 
283168 
283170 
283171 
283173 
283174 
283176 
283177 
283179 
283180 
283182 
283183 
283185 
283186 
283188 
283189 
283191 
283192 
283194 
283195 
283197 
283198 
283200 
283201 
283203 
283206 
283209 
283212 
283215 
283218 
283221 
283224 
283227 
283230 
283233 
283236 
283239 
283242 
283245 
283248 
283251 
283254 
283257 
4730 
283260 
4733 
4736 
4739 
4742 
4745 
4748 
4751 
4754 
4757 
4760 
4763 
4766 
4769 
4772 
4775 
4778 
4781 
4784 
4787 
4790 
4793 
332474 
332477 
332480 
332483 
234180 
332486 
234183 
332489 
234186 
332492 
234189 
332495 
234192 
332498 
234195 
332501 
234198 
332504 
234201 
332507 
234204 
332510 
234207 
332513 
234210 
332516 
234213 
332519 
234216 
332522 
234219 
332525 
234222 
332528 
234225 
332531 
234228 
332534 
234231 
332537 
234233 
332538 
234234 
332540 
234236 
332541 
234237 
332543 
234239 
332544 
234240 
332546 
234242 
332547 
234243 
332549 
234245 
332550 
234246 
332552 
234248 
332553 
234249 
332555 
234251 
332556 
234252 
332558 
234254 
332559 
234255 
332561 
234257 
332562 
234258 
332564 
234260 
332565 
234261 
332567 
234263 
332568 
234264 
332570 
234266 
332571 
234267 
332573 
234269 
332574 
234270 
332576 
234272 
332577 
234273 
332579 
234275 
332580 
234276 
332582 
234278 
332583 
234279 
332585 
234281 
332586 
234282 
332588 
234284 
332589 
234285 
332591 
234287 
332592 
234288 
332594 
234290 
332595 
234291 
332597 
234293 
332598 
234294 
332600 
234296 
332601 
234297 
332603 
234299 
332604 
234301 
332606 
332607 
234303 
332609 
234305 
332610 
234307 
332612 
332613 
234309 
332615 
234311 
332616 
234313 
332618 
332619 
234315 
332621 
234317 
332622 
234319 
332624 
332625 
234321 
332627 
234323 
332628 
234325 
332630 
332631 
234327 
332633 
234329 
332634 
234331 
332636 
332637 
234333 
332639 
234335 
332640 
234337 
332642 
332643 
234339 
332645 
234341 
332646 
234343 
332648 
332649 
234345 
332651 
234347 
332652 
234349 
332654 
332655 
234351 
332657 
234353 
332659 
234355 
234357 
332662 
234359 
332665 
234361 
234363 
332668 
234365 
332671 
234367 
234369 
332674 
234371 
332677 
234373 
234375 
332680 
234377 
332683 
234379 
234381 
332686 
234383 
332689 
234385 
234387 
332692 
234389 
332695 
234391 
234393 
332698 
234395 
332701 
234397 
234399 
332704 
234401 
332707 
234403 
234405 
332710 
234407 
332713 
234409 
234411 
332716 
660397 
234413 
660399 
332719 
234415 
660401 
234417 
332722 
660403 
234419 
660405 
234421 
660407 
660409 
660411 
660413 
660415 
660417 
660419 
660421 
660423 
660425 
660427 
660429 
660431 
660433 
660435 
660437 
660439 
660441 
660443 
660445 
660447 
660449 
660451 
660453 
660455 
660457 
660459 
660461 
660463 
660465 
562162 
660467 
562163 
660469 
562165 
562166 
660471 
562168 
660473 
562169 
660475 
562171 
562172 
660477 
562174 
660479 
562175 
660481 
562177 
562178 
660483 
562180 
660485 
562181 
660487 
562183 
562184 
660489 
562186 
660491 
562187 
660493 
562189 
562190 
660495 
562192 
660497 
562193 
660499 
562195 
562196 
660501 
562198 
660503 
562199 
660505 
562201 
562202 
660507 
562204 
660509 
562205 
660511 
562207 
562208 
660513 
562210 
660515 
562211 
660517 
562213 
562214 
660520 
562216 
660521 
562217 
660523 
562219 
660524 
562220 
660526 
562222 
660527 
562223 
660529 
562225 
660530 
562226 
660532 
660533 
562229 
660535 
660536 
562232 
660538 
660539 
562235 
660541 
660542 
562238 
660544 
660545 
562241 
660547 
660548 
562244 
660550 
660551 
562247 
660553 
660554 
562250 
660556 
660557 
562253 
660559 
660560 
562256 
660562 
660563 
562259 
660565 
660566 
562262 
660568 
660569 
562265 
660571 
660572 
562268 
660574 
660575 
562271 
660577 
660578 
562274 
660580 
660581 
562277 
660583 
660584 
562280 
660586 
660587 
562283 
660589 
660590 
660592 
660593 
660595 
660596 
660598 
660599 
660601 
660602 
660604 
660605 
660607 
660608 
660610 
660611 
660613 
660614 
660616 
660617 
660619 
660620 
660622 
660623 
660625 
660626 
660628 
660629 
660631 
660632 
660634 
660635 
660637 
660638 
660640 
660641 
660643 
660646 
660649 
660652 
660655 
660658 
660661 
660664 
660667 
660670 
660673 
660676 
660679 
660682 
660685 
660688 
660691 
660694 
660697 
382170 
660700 
382173 
382176 
382179 
382182 
382185 
382188 
382191 
382194 
382197 
382200 
382203 
382206 
382209 
382212 
382215 
382218 
382221 
382224 
382227 
382230 
382233 
709914 
709917 
709920 
709923 
611620 
709926 
611623 
709929 
611626 
709932 
611629 
709935 
611632 
709938 
611635 
709941 
611638 
709944 
611641 
709947 
611644 
709950 
611647 
709953 
611650 
709956 
611653 
709959 
611656 
709962 
611659 
709965 
611662 
709968 
611665 
709971 
611668 
709974 
611671 
709977 
611673 
709978 
611674 
709980 
611676 
709981 
611677 
709983 
611679 
709984 
611680 
709986 
611682 
709987 
611683 
709989 
611685 
709990 
611686 
709992 
611688 
709993 
611689 
709995 
611691 
709996 
611692 
709998 
611694 
709999 
611695 
710001 
611697 
710002 
611698 
710004 
611700 
710005 
611701 
710007 
611703 
710008 
611704 
710010 
611706 
710011 
611707 
710013 
611709 
710014 
611710 
710016 
611712 
710017 
611713 
710019 
611715 
710020 
611716 
710022 
611718 
710023 
611719 
710025 
611721 
710026 
611722 
710028 
611724 
710029 
611725 
710031 
611727 
710032 
611728 
710034 
611730 
710035 
611731 
710037 
611733 
710038 
611734 
710040 
611736 
710041 
611737 
710043 
611739 
710044 
611741 
710046 
710047 
611743 
710049 
611745 
710050 
611747 
710052 
710053 
611749 
710055 
611751 
710056 
611753 
710058 
710059 
611755 
710061 
611757 
710062 
611759 
710064 
710065 
611761 
710067 
611763 
710068 
611765 
710070 
710071 
611767 
710073 
611769 
710074 
611771 
710076 
710077 
611773 
710079 
611775 
710080 
611777 
710082 
710083 
611779 
710085 
611781 
710086 
611783 
710088 
710089 
611785 
710091 
611787 
710092 
611789 
710094 
710095 
611791 
710097 
611793 
710099 
611795 
611797 
710102 
611799 
710105 
611801 
611803 
710108 
611805 
710111 
611807 
611809 
710114 
611811 
710117 
611813 
611815 
710120 
611817 
710123 
611819 
611821 
710126 
611823 
710129 
611825 
611827 
710132 
611829 
710135 
611831 
611833 
710138 
611835 
710141 
611837 
611839 
710144 
611841 
710147 
611843 
611845 
710150 
611847 
710153 
611849 
611851 
710156 
611853 
710159 
611855 
611857 
710162 
611859 
611861 
759610 
759613 
759616 
759619 
759622 
759625 
759628 
759631 
759634 
759637 
759640 
759643 
759646 
759649 
759652 
759655 
759658 
759661 
759664 
759667 
759670 
759673 
235777 
235779 
235781 
235783 
235785 
235787 
235789 
235791 
235793 
235795 
235797 
235799 
235801 
235803 
235805 
235807 
235809 
235811 
235813 
235815 
235817 
235819 
235821 
235823 
235825 
235827 
235829 
235831 
235833 
235835 
235837 
235839 
235841 
235843 
235845 
137542 
235847 
137543 
235849 
137545 
137546 
235851 
137548 
235853 
137549 
235855 
137551 
137552 
235857 
137554 
235859 
137555 
235861 
137557 
137558 
235863 
137560 
235865 
137561 
235867 
137563 
137564 
235869 
137566 
235871 
137567 
235873 
137569 
137570 
235875 
137572 
235877 
137573 
235879 
137575 
137576 
235881 
137578 
235883 
137579 
235885 
137581 
137582 
235887 
137584 
235889 
137585 
235891 
137587 
137588 
235893 
137590 
235895 
137591 
235897 
137593 
137594 
235900 
137596 
235901 
137597 
235903 
137599 
235904 
137600 
235906 
137602 
235907 
137603 
235909 
137605 
235910 
137606 
235912 
235913 
137609 
235915 
235916 
137612 
235918 
235919 
137615 
235921 
235922 
137618 
235924 
235925 
137621 
235927 
235928 
137624 
235930 
235931 
137627 
235933 
235934 
137630 
235936 
235937 
137633 
235939 
235940 
137636 
235942 
235943 
137639 
235945 
235946 
137642 
235948 
235949 
137645 
235951 
235952 
137648 
235954 
235955 
137651 
235957 
235958 
137654 
235960 
235961 
137657 
235963 
235964 
137660 
235966 
235967 
137663 
235969 
235970 
235972 
235973 
235975 
235976 
235978 
235979 
235981 
235982 
235984 
235985 
235987 
235988 
235990 
235991 
235993 
235994 
235996 
235997 
235999 
236000 
236002 
236003 
236005 
236006 
236008 
236009 
236011 
236012 
236014 
236015 
236017 
236018 
236020 
236021 
236023 
236026 
236029 
236032 
236035 
236038 
236041 
236044 
236047 
236050 
236053 
236056 
236059 
236062 
236065 
236068 
236071 
236074 
236077 
236080 
285294 
285297 
285300 
285303 
187000 
285306 
187003 
285309 
187006 
285312 
187009 
285315 
187012 
285318 
187015 
285321 
187018 
285324 
187021 
285327 
187024 
285330 
187027 
285333 
187030 
285336 
187033 
285339 
187036 
285342 
187039 
285345 
187042 
285348 
187045 
285351 
187048 
285354 
187051 
285357 
187053 
285358 
187054 
285360 
187056 
285361 
187057 
285363 
187059 
285364 
187060 
285366 
187062 
285367 
187063 
285369 
187065 
285370 
187066 
285372 
187068 
285373 
187069 
285375 
187071 
285376 
187072 
285378 
187074 
285379 
187075 
285381 
187077 
285382 
187078 
285384 
187080 
285385 
187081 
285387 
187083 
285388 
187084 
285390 
187086 
285391 
187087 
285393 
187089 
285394 
187090 
285396 
187092 
285397 
187093 
285399 
187095 
285400 
187096 
285402 
187098 
285403 
187099 
285405 
187101 
285406 
187102 
285408 
187104 
285409 
187105 
285411 
187107 
285412 
187108 
285414 
187110 
285415 
187111 
285417 
187113 
285418 
187114 
285420 
187116 
285421 
187117 
285423 
187119 
285424 
187121 
285426 
285427 
187123 
285429 
187125 
285430 
187127 
285432 
285433 
187129 
285435 
187131 
285436 
187133 
285438 
285439 
187135 
285441 
187137 
285442 
187139 
285444 
285445 
187141 
285447 
187143 
285448 
187145 
285450 
285451 
187147 
285453 
187149 
285454 
187151 
285456 
285457 
187153 
285459 
187155 
285460 
187157 
285462 
285463 
187159 
285465 
187161 
285466 
187163 
285468 
285469 
187165 
285471 
187167 
285472 
187169 
285474 
285475 
187171 
285477 
187173 
285479 
187175 
187177 
285482 
187179 
285485 
187181 
187183 
285488 
187185 
285491 
187187 
187189 
285494 
187191 
285497 
187193 
187195 
285500 
187197 
285503 
187199 
187201 
285506 
187203 
285509 
187205 
187207 
285512 
187209 
285515 
187211 
187213 
285518 
187215 
285521 
187217 
187219 
285524 
187221 
285527 
187223 
187225 
285530 
187227 
285533 
187229 
187231 
285536 
613217 
187233 
613219 
285539 
187235 
613221 
187237 
285542 
613223 
187239 
613225 
187241 
613227 
613229 
613231 
613233 
613235 
613237 
613239 
613241 
613243 
613245 
613247 
613249 
613251 
613253 
613255 
613257 
613259 
613261 
613263 
613265 
613267 
613269 
613271 
613273 
613275 
613277 
613279 
613281 
613283 
613285 
514982 
613287 
514983 
613289 
514985 
514986 
613291 
514988 
613293 
514989 
613295 
514991 
514992 
613297 
514994 
613299 
514995 
613301 
514997 
514998 
613303 
515000 
613305 
515001 
613307 
515003 
515004 
613309 
515006 
613311 
515007 
613313 
515009 
515010 
613315 
515012 
613317 
515013 
613319 
515015 
515016 
613321 
515018 
613323 
515019 
613325 
515021 
515022 
613327 
515024 
613329 
515025 
613331 
515027 
515028 
613333 
515030 
613335 
515031 
613337 
515033 
515034 
613340 
515036 
613341 
515037 
613343 
515039 
613344 
515040 
613346 
515042 
613347 
515043 
613349 
515045 
613350 
515046 
613352 
613353 
515049 
613355 
613356 
515052 
613358 
613359 
515055 
613361 
613362 
515058 
613364 
613365 
515061 
613367 
613368 
515064 
613370 
613371 
515067 
613373 
613374 
515070 
613376 
613377 
515073 
613379 
613380 
515076 
613382 
613383 
515079 
613385 
613386 
515082 
613388 
613389 
515085 
613391 
613392 
515088 
613394 
613395 
515091 
613397 
613398 
515094 
613400 
613401 
515097 
613403 
613404 
515100 
613406 
613407 
515103 
613409 
613410 
613412 
613413 
613415 
613416 
613418 
613419 
613421 
613422 
613424 
613425 
613427 
613428 
613430 
613431 
613433 
613434 
613436 
613437 
613439 
613440 
613442 
613443 
613445 
613446 
613448 
613449 
613451 
613452 
613454 
613455 
613457 
613458 
613460 
613461 
613463 
613466 
613469 
613472 
613475 
613478 
613481 
613484 
613487 
613490 
613493 
613496 
613499 
613502 
613505 
613508 
613511 
613514 
613517 
334990 
613520 
334993 
334996 
334999 
335002 
335005 
335008 
335011 
335014 
335017 
335020 
335023 
335026 
335029 
335032 
335035 
335038 
335041 
335044 
335047 
335050 
335053 
662734 
662737 
662740 
662743 
564440 
662746 
564443 
662749 
564446 
662752 
564449 
662755 
564452 
662758 
564455 
662761 
564458 
662764 
564461 
662767 
564464 
662770 
564467 
662773 
564470 
662776 
564473 
662779 
564476 
662782 
564479 
662785 
564482 
662788 
564485 
662791 
564488 
662794 
564491 
662797 
564493 
662798 
564494 
662800 
564496 
662801 
564497 
662803 
564499 
662804 
564500 
662806 
564502 
662807 
564503 
662809 
564505 
662810 
564506 
662812 
564508 
662813 
564509 
662815 
564511 
662816 
564512 
662818 
564514 
662819 
564515 
662821 
564517 
662822 
564518 
662824 
564520 
662825 
564521 
662827 
564523 
662828 
564524 
662830 
564526 
662831 
564527 
662833 
564529 
662834 
564530 
662836 
564532 
662837 
564533 
662839 
564535 
662840 
564536 
662842 
564538 
662843 
564539 
662845 
564541 
662846 
564542 
662848 
564544 
662849 
564545 
662851 
564547 
662852 
564548 
662854 
564550 
662855 
564551 
662857 
564553 
662858 
564554 
662860 
564556 
662861 
564557 
662863 
564559 
662864 
564561 
662866 
662867 
564563 
662869 
564565 
662870 
564567 
662872 
662873 
564569 
662875 
564571 
662876 
564573 
662878 
662879 
564575 
662881 
564577 
662882 
564579 
662884 
662885 
564581 
662887 
564583 
662888 
564585 
662890 
662891 
564587 
662893 
564589 
662894 
564591 
662896 
662897 
564593 
662899 
564595 
662900 
564597 
662902 
662903 
564599 
662905 
564601 
662906 
564603 
662908 
662909 
564605 
662911 
564607 
662912 
564609 
662914 
662915 
564611 
662917 
564613 
662919 
564615 
564617 
662922 
564619 
662925 
564621 
564623 
662928 
564625 
662931 
564627 
564629 
662934 
564631 
662937 
564633 
564635 
662940 
564637 
662943 
564639 
564641 
662946 
564643 
662949 
564645 
564647 
662952 
564649 
662955 
564651 
564653 
662958 
564655 
662961 
564657 
564659 
662964 
564661 
662967 
564663 
564665 
662970 
564667 
662973 
564669 
564671 
662976 
564673 
662979 
564675 
564677 
662982 
564679 
564681 
892422 
892423 
892425 
892426 
892428 
892429 
892431 
892432 
925202 
892434 
925203 
892435 
925204 
925205 
892437 
925206 
892438 
925207 
925208 
892440 
925209 
892441 
925210 
925211 
892443 
925212 
892444 
925213 
925214 
892446 
925215 
892447 
925216 
925217 
892449 
925218 
892450 
925219 
925220 
892452 
925221 
892453 
925222 
925223 
892455 
925224 
892456 
925225 
925226 
892458 
925227 
892459 
925228 
925229 
892461 
925230 
892462 
925231 
925232 
892464 
925233 
892465 
925234 
925235 
892467 
925236 
892468 
925237 
925238 
892470 
925239 
892471 
925240 
925241 
892473 
925242 
892474 
925243 
925244 
892476 
925245 
892477 
925247 
892479 
892480 
925249 
892482 
925251 
892483 
925253 
892485 
892486 
925255 
925257 
892489 
925259 
892492 
925261 
925263 
892495 
925265 
892498 
925267 
925269 
892501 
925271 
892504 
925273 
925275 
892507 
925277 
892510 
925279 
925281 
892513 
925283 
892516 
892519 
892522 
892525 
892528 
892531 
892534 
892537 
892540 
892543 
712430 
712433 
712436 
712439 
712442 
712445 
712448 
712451 
712454 
712457 
712460 
712463 
712466 
712469 
712472 
712475 
712478 
712481 
712484 
712487 
712490 
712493 
188597 
188599 
188601 
188603 
188605 
188607 
188609 
188611 
188613 
188615 
188617 
188619 
188621 
188623 
188625 
188627 
188629 
188631 
188633 
188635 
188637 
188639 
188641 
188643 
188645 
188647 
188649 
188651 
188653 
188655 
188657 
188659 
188661 
188663 
188665 
90362 
188667 
90363 
188669 
90365 
90366 
188671 
90368 
188673 
90369 
188675 
90371 
90372 
188677 
90374 
188679 
90375 
188681 
90377 
90378 
188683 
90380 
188685 
90381 
188687 
90383 
90384 
188689 
90386 
188691 
90387 
188693 
90389 
90390 
188695 
90392 
188697 
90393 
188699 
90395 
90396 
188701 
90398 
188703 
90399 
188705 
90401 
90402 
188707 
90404 
188709 
90405 
188711 
90407 
90408 
188713 
90410 
188715 
90411 
188717 
90413 
90414 
188720 
90416 
188721 
90417 
188723 
90419 
188724 
90420 
188726 
90422 
188727 
90423 
188729 
90425 
188730 
90426 
188732 
188733 
90429 
188735 
188736 
90432 
188738 
188739 
90435 
188741 
188742 
90438 
188744 
188745 
90441 
188747 
188748 
90444 
188750 
188751 
90447 
188753 
188754 
90450 
188756 
188757 
90453 
188759 
188760 
90456 
188762 
188763 
90459 
188765 
188766 
90462 
188768 
188769 
90465 
188771 
188772 
90468 
188774 
188775 
90471 
188777 
188778 
90474 
188780 
188781 
90477 
188783 
188784 
90480 
188786 
188787 
90483 
188789 
188790 
188792 
188793 
188795 
188796 
188798 
188799 
188801 
188802 
188804 
188805 
188807 
188808 
188810 
188811 
188813 
188814 
188816 
188817 
188819 
188820 
188822 
188823 
188825 
188826 
188828 
188829 
188831 
188832 
188834 
188835 
188837 
188838 
188840 
188841 
188843 
188846 
188849 
188852 
188855 
188858 
188861 
188864 
188867 
188870 
188873 
188876 
188879 
188882 
188885 
188888 
188891 
188894 
188897 
188900 
238114 
238117 
238120 
238123 
139820 
238126 
139823 
238129 
139826 
238132 
139829 
238135 
139832 
238138 
139835 
238141 
139838 
238144 
139841 
238147 
139844 
238150 
139847 
238153 
139850 
238156 
139853 
238159 
139856 
238162 
139859 
238165 
139862 
238168 
139865 
238171 
139868 
238174 
139871 
238177 
139873 
238178 
139874 
238180 
139876 
238181 
139877 
238183 
139879 
238184 
139880 
238186 
139882 
238187 
139883 
238189 
139885 
238190 
139886 
238192 
139888 
238193 
139889 
238195 
139891 
238196 
139892 
238198 
139894 
238199 
139895 
238201 
139897 
238202 
139898 
238204 
139900 
238205 
139901 
238207 
139903 
238208 
139904 
238210 
139906 
238211 
139907 
238213 
139909 
238214 
139910 
238216 
139912 
238217 
139913 
238219 
139915 
238220 
139916 
238222 
139918 
238223 
139919 
238225 
139921 
238226 
139922 
238228 
139924 
238229 
139925 
238231 
139927 
238232 
139928 
238234 
139930 
238235 
139931 
238237 
139933 
238238 
139934 
238240 
139936 
238241 
139937 
238243 
139939 
238244 
139941 
238246 
238247 
139943 
238249 
139945 
238250 
139947 
238252 
238253 
139949 
238255 
139951 
238256 
139953 
238258 
238259 
139955 
238261 
139957 
238262 
139959 
238264 
238265 
139961 
238267 
139963 
238268 
139965 
238270 
238271 
139967 
238273 
139969 
238274 
139971 
238276 
238277 
139973 
238279 
139975 
238280 
139977 
238282 
238283 
139979 
238285 
139981 
238286 
139983 
238288 
238289 
139985 
238291 
139987 
238292 
139989 
238294 
238295 
139991 
238297 
139993 
238299 
139995 
139997 
238302 
139999 
238305 
140001 
140003 
238308 
140005 
238311 
140007 
140009 
238314 
140011 
238317 
140013 
140015 
238320 
140017 
238323 
140019 
140021 
238326 
140023 
238329 
140025 
140027 
238332 
140029 
238335 
140031 
140033 
238338 
140035 
238341 
140037 
140039 
238344 
140041 
238347 
140043 
140045 
238350 
140047 
238353 
140049 
140051 
238356 
566037 
140053 
566039 
238359 
140055 
566041 
140057 
238362 
566043 
140059 
566045 
140061 
566047 
566049 
566051 
566053 
566055 
566057 
566059 
566061 
566063 
566065 
566067 
566069 
566071 
566073 
566075 
566077 
566079 
566081 
566083 
566085 
566087 
566089 
566091 
566093 
566095 
566097 
566099 
566101 
566103 
566105 
467802 
566107 
467803 
566109 
467805 
467806 
566111 
467808 
566113 
467809 
566115 
467811 
467812 
566117 
467814 
566119 
467815 
566121 
467817 
467818 
566123 
467820 
566125 
467821 
566127 
467823 
467824 
566129 
467826 
566131 
467827 
566133 
467829 
467830 
566135 
467832 
566137 
467833 
566139 
467835 
467836 
566141 
467838 
566143 
467839 
566145 
467841 
467842 
566147 
467844 
566149 
467845 
566151 
467847 
467848 
566153 
467850 
566155 
467851 
566157 
467853 
467854 
566160 
467856 
566161 
467857 
566163 
467859 
566164 
467860 
566166 
467862 
566167 
467863 
566169 
467865 
566170 
467866 
566172 
566173 
467869 
566175 
566176 
467872 
566178 
566179 
467875 
566181 
566182 
467878 
566184 
566185 
467881 
566187 
566188 
467884 
566190 
566191 
467887 
566193 
566194 
467890 
566196 
566197 
467893 
566199 
566200 
467896 
566202 
566203 
467899 
566205 
566206 
467902 
566208 
566209 
467905 
566211 
566212 
467908 
566214 
566215 
467911 
566217 
566218 
467914 
566220 
566221 
467917 
566223 
566224 
467920 
566226 
566227 
467923 
566229 
566230 
566232 
566233 
566235 
566236 
566238 
566239 
566241 
566242 
566244 
566245 
566247 
566248 
566250 
566251 
566253 
566254 
566256 
566257 
566259 
566260 
566262 
566263 
566265 
566266 
566268 
566269 
566271 
566272 
926721 
566274 
926723 
566275 
926725 
566277 
566278 
926727 
566280 
926729 
566281 
926731 
566283 
926733 
566286 
926735 
926737 
566289 
926739 
566292 
926741 
926743 
566295 
926745 
566298 
926747 
926749 
566301 
926751 
566304 
926753 
926755 
566307 
926756 
926757 
926758 
566310 
926759 
926760 
926761 
566313 
926762 
926763 
926764 
566316 
926765 
926766 
926767 
566319 
926768 
926769 
926770 
566322 
926771 
926772 
926773 
566325 
926774 
926775 
926776 
566328 
926777 
926778 
926779 
566331 
926780 
926781 
926782 
566334 
926783 
926784 
926785 
566337 
926786 
287810 
926787 
926788 
566340 
926789 
287813 
926790 
926791 
926792 
287816 
926793 
926794 
926795 
287819 
926796 
926797 
926798 
287822 
926799 
926800 
926801 
287825 
926802 
926803 
926804 
287828 
926805 
926806 
926807 
287831 
926808 
926809 
926810 
287834 
926811 
926812 
926813 
287837 
926814 
926815 
926816 
287840 
926817 
926818 
926819 
287843 
926820 
926821 
926822 
287846 
926823 
926824 
926825 
287849 
926826 
926827 
926828 
287852 
926829 
926830 
926831 
287855 
926832 
926833 
926834 
287858 
926835 
926836 
926837 
287861 
926838 
926839 
926840 
287864 
926841 
926842 
926843 
287867 
926844 
926845 
926846 
287870 
926847 
926848 
926849 
287873 
926850 
615554 
926851 
926852 
926853 
615557 
926854 
926855 
926856 
615560 
926857 
926858 
926859 
615563 
926860 
517260 
926861 
615566 
517263 
615569 
517266 
615572 
517269 
615575 
517272 
615578 
517275 
615581 
517278 
615584 
517281 
615587 
517284 
615590 
517287 
615593 
517290 
615596 
517293 
615599 
517296 
615602 
517299 
615605 
517302 
615608 
517305 
615611 
517308 
615614 
517311 
615617 
517313 
615618 
517314 
615620 
517316 
615621 
517317 
615623 
517319 
615624 
517320 
615626 
517322 
615627 
517323 
615629 
517325 
615630 
517326 
615632 
517328 
615633 
517329 
615635 
517331 
615636 
517332 
615638 
517334 
615639 
517335 
615641 
517337 
615642 
517338 
615644 
517340 
615645 
517341 
615647 
517343 
615648 
517344 
615650 
517346 
615651 
517347 
615653 
517349 
615654 
517350 
615656 
517352 
615657 
517353 
615659 
517355 
615660 
517356 
615662 
517358 
615663 
517359 
615665 
517361 
615666 
517362 
615668 
517364 
615669 
517365 
615671 
517367 
615672 
517368 
615674 
517370 
615675 
517371 
615677 
517373 
615678 
517374 
615680 
517376 
615681 
517377 
615683 
517379 
615684 
517381 
615686 
615687 
517383 
615689 
517385 
615690 
517387 
615692 
615693 
517389 
615695 
517391 
615696 
517393 
615698 
615699 
517395 
615701 
517397 
615702 
517399 
615704 
615705 
517401 
615707 
517403 
615708 
517405 
615710 
615711 
517407 
615713 
517409 
615714 
517411 
615716 
615717 
517413 
615719 
517415 
615720 
517417 
615722 
615723 
517419 
615725 
517421 
615726 
517423 
615728 
615729 
517425 
615731 
517427 
615732 
517429 
615734 
615735 
517431 
615737 
517433 
615739 
517435 
517437 
615742 
517439 
615745 
517441 
517443 
615748 
517445 
615751 
517447 
517449 
615754 
517451 
615757 
517453 
517455 
615760 
517457 
615763 
517459 
517461 
615766 
517463 
615769 
517465 
517467 
615772 
517469 
615775 
517471 
517473 
615778 
517475 
615781 
517477 
517479 
615784 
517481 
615787 
517483 
517485 
615790 
517487 
615793 
517489 
517491 
615796 
517493 
615799 
517495 
517497 
615802 
517499 
517501 
845242 
845243 
845245 
845246 
845248 
845249 
845251 
845252 
845254 
845255 
845257 
845258 
845260 
845261 
845263 
845264 
845266 
845267 
845269 
845270 
845272 
845273 
845275 
845276 
845278 
845279 
845281 
845282 
845284 
845285 
845287 
845288 
845290 
845291 
845293 
845294 
845296 
845297 
845299 
845300 
845302 
845303 
845305 
845306 
845309 
845312 
845315 
845318 
845321 
845324 
845327 
845330 
845333 
845336 
845339 
845342 
845345 
845348 
845351 
845354 
845357 
845360 
845363 
665250 
665253 
665256 
665259 
665262 
665265 
665268 
665271 
665274 
665277 
665280 
665283 
665286 
665289 
665292 
665295 
665298 
665301 
665304 
665307 
665310 
665313 
894700 
894703 
894706 
894709 
894712 
894715 
894718 
894721 
894724 
894727 
894730 
894733 
894736 
894739 
894742 
894745 
894748 
894751 
894753 
894754 
894756 
894757 
894759 
894760 
894762 
894763 
894765 
894766 
894768 
894769 
927539 
894771 
927540 
894772 
927541 
927542 
894774 
927543 
894775 
927544 
927545 
894777 
927546 
894778 
927547 
927548 
894780 
927549 
894781 
927550 
927551 
894783 
927552 
894784 
927553 
927554 
894786 
927555 
894787 
927556 
927557 
894789 
927558 
894790 
927559 
927560 
894792 
927561 
894793 
927562 
927563 
894795 
927564 
894796 
927565 
927566 
894798 
927567 
894799 
927568 
927569 
894801 
927570 
894802 
927571 
927572 
894804 
927573 
894805 
927574 
927575 
894807 
927576 
894808 
927577 
927578 
894810 
927579 
894811 
927580 
927581 
894813 
927582 
894814 
927583 
927584 
894816 
927585 
894817 
927586 
927587 
894819 
927588 
927589 
894821 
927590 
927591 
894823 
927592 
927593 
894825 
927594 
927595 
894827 
927596 
927597 
894829 
927598 
927599 
894831 
894833 
894835 
894837 
894839 
894841 
894843 
894845 
894847 
894849 
894851 
894853 
894855 
894857 
894859 
894861 
894863 
894865 
894867 
894869 
894871 
894873 
894875 
894877 
894879 
894881 
894883 
894885 
894887 
894889 
894891 
894893 
894895 
894897 
894899 
894901 
894903 
894905 
894907 
894909 
894911 
894913 
894915 
894917 
894919 
894921 
894923 
894925 
894927 
894929 
894931 
894933 
894935 
894937 
894939 
894941 
141417 
141419 
141421 
141423 
141425 
141427 
141429 
141431 
141433 
141435 
141437 
141439 
141441 
141443 
141445 
141447 
141449 
141451 
141453 
141455 
141457 
141459 
141461 
141463 
141465 
141467 
141469 
141471 
141473 
141475 
141477 
141479 
141481 
141483 
141485 
43182 
141487 
43183 
141489 
43185 
43186 
141491 
43188 
141493 
43189 
141495 
43191 
43192 
141497 
43194 
141499 
43195 
141501 
43197 
43198 
141503 
43200 
141505 
43201 
141507 
43203 
43204 
141509 
43206 
141511 
43207 
141513 
43209 
43210 
141515 
43212 
141517 
43213 
141519 
43215 
43216 
141521 
43218 
141523 
43219 
141525 
43221 
43222 
141527 
43224 
141529 
43225 
141531 
43227 
43228 
141533 
43230 
141535 
43231 
141537 
43233 
43234 
141540 
43236 
141541 
43237 
141543 
43239 
141544 
43240 
141546 
43242 
141547 
43243 
141549 
43245 
141550 
43246 
141552 
141553 
43249 
141555 
141556 
43252 
141558 
141559 
43255 
141561 
141562 
43258 
141564 
141565 
43261 
141567 
141568 
43264 
141570 
141571 
43267 
141573 
141574 
43270 
141576 
141577 
43273 
141579 
141580 
43276 
141582 
141583 
43279 
141585 
141586 
43282 
141588 
141589 
43285 
141591 
141592 
43288 
141594 
141595 
43291 
141597 
141598 
43294 
141600 
141601 
43297 
141603 
141604 
43300 
141606 
141607 
43303 
141609 
141610 
141612 
141613 
141615 
141616 
141618 
141619 
141621 
141622 
141624 
141625 
141627 
141628 
141630 
141631 
141633 
141634 
141636 
141637 
141639 
141640 
141642 
141643 
141645 
141646 
141648 
141649 
141651 
141652 
141654 
141655 
141657 
141658 
141660 
141661 
141663 
141666 
141669 
141672 
141675 
141678 
141681 
141684 
141687 
141690 
141693 
141696 
141699 
141702 
141705 
141708 
141711 
141714 
141717 
141720 
190934 
190937 
190940 
190943 
92640 
190946 
92643 
190949 
92646 
190952 
92649 
190955 
92652 
190958 
92655 
190961 
92658 
190964 
92661 
190967 
92664 
190970 
92667 
190973 
92670 
190976 
92673 
190979 
92676 
190982 
92679 
190985 
92682 
190988 
92685 
190991 
92688 
190994 
92691 
190997 
92693 
190998 
92694 
191000 
92696 
191001 
92697 
191003 
92699 
191004 
92700 
191006 
92702 
191007 
92703 
191009 
92705 
191010 
92706 
191012 
92708 
191013 
92709 
191015 
92711 
191016 
92712 
191018 
92714 
191019 
92715 
191021 
92717 
191022 
92718 
191024 
92720 
191025 
92721 
191027 
92723 
191028 
92724 
191030 
92726 
191031 
92727 
191033 
92729 
191034 
92730 
191036 
92732 
191037 
92733 
191039 
92735 
191040 
92736 
191042 
92738 
191043 
92739 
191045 
92741 
191046 
92742 
191048 
92744 
191049 
92745 
191051 
92747 
191052 
92748 
191054 
92750 
191055 
92751 
191057 
92753 
191058 
92754 
191060 
92756 
191061 
92757 
191063 
92759 
191064 
92761 
191066 
191067 
92763 
191069 
92765 
191070 
92767 
191072 
191073 
92769 
191075 
92771 
191076 
92773 
191078 
191079 
92775 
191081 
92777 
191082 
92779 
191084 
191085 
92781 
191087 
92783 
191088 
92785 
191090 
191091 
92787 
191093 
92789 
191094 
92791 
191096 
191097 
92793 
191099 
92795 
191100 
92797 
191102 
191103 
92799 
191105 
92801 
191106 
92803 
191108 
191109 
92805 
191111 
92807 
191112 
92809 
191114 
191115 
92811 
191117 
92813 
191119 
92815 
92817 
191122 
92819 
191125 
92821 
92823 
191128 
92825 
191131 
92827 
92829 
191134 
92831 
191137 
92833 
92835 
191140 
92837 
191143 
92839 
92841 
191146 
92843 
191149 
92845 
92847 
191152 
92849 
191155 
92851 
92853 
191158 
92855 
191161 
92857 
92859 
191164 
92861 
191167 
92863 
92865 
191170 
92867 
191173 
92869 
92871 
191176 
518857 
92873 
518859 
191179 
92875 
518861 
92877 
191182 
518863 
92879 
518865 
92881 
518867 
518869 
518871 
518873 
518875 
518877 
518879 
518881 
518883 
518885 
518887 
518889 
518891 
518893 
518895 
518897 
518899 
518901 
518903 
518905 
518907 
518909 
518911 
518913 
518915 
518917 
518919 
518921 
518923 
518925 
420622 
518927 
420623 
518929 
420625 
420626 
518931 
420628 
518933 
420629 
518935 
420631 
420632 
518937 
420634 
518939 
420635 
518941 
420637 
420638 
518943 
420640 
518945 
420641 
518947 
420643 
420644 
518949 
420646 
518951 
420647 
518953 
420649 
420650 
518955 
420652 
518957 
420653 
518959 
420655 
420656 
518961 
420658 
518963 
420659 
518965 
420661 
420662 
518967 
420664 
518969 
420665 
518971 
420667 
420668 
518973 
420670 
518975 
420671 
518977 
420673 
420674 
518980 
420676 
518981 
420677 
518983 
420679 
518984 
420680 
518986 
420682 
518987 
420683 
518989 
420685 
518990 
420686 
518992 
518993 
420689 
518995 
518996 
420692 
518998 
518999 
420695 
519001 
519002 
420698 
519004 
519005 
420701 
519007 
519008 
420704 
519010 
519011 
420707 
519013 
519014 
420710 
519016 
519017 
420713 
519019 
519020 
420716 
519022 
519023 
420719 
519025 
519026 
420722 
519028 
519029 
420725 
519031 
519032 
420728 
519034 
519035 
420731 
519037 
519038 
420734 
519040 
519041 
420737 
519043 
519044 
420740 
519046 
519047 
420743 
519049 
519050 
519052 
519053 
519055 
519056 
519058 
519059 
519061 
519062 
519064 
519065 
519067 
519068 
519070 
519071 
519073 
519074 
519076 
519077 
519079 
519080 
519082 
519083 
519085 
519086 
519088 
519089 
519091 
519092 
519094 
519095 
519097 
519098 
519100 
519101 
519103 
519106 
519109 
519112 
519115 
519118 
519121 
519124 
519127 
519130 
519133 
519136 
519139 
519142 
519145 
519148 
519151 
519154 
519157 
240630 
519160 
240633 
240636 
240639 
240642 
240645 
240648 
240651 
240654 
240657 
240660 
240663 
240666 
240669 
240672 
240675 
240678 
240681 
240684 
240687 
240690 
240693 
568374 
568377 
568380 
568383 
470080 
568386 
470083 
568389 
470086 
568392 
470089 
568395 
470092 
568398 
470095 
568401 
470098 
568404 
470101 
568407 
470104 
568410 
470107 
568413 
470110 
568416 
470113 
568419 
470116 
568422 
470119 
568425 
470122 
568428 
470125 
568431 
470128 
568434 
470131 
568437 
470133 
568438 
470134 
568440 
470136 
568441 
470137 
568443 
470139 
568444 
470140 
568446 
470142 
568447 
470143 
568449 
470145 
568450 
470146 
568452 
470148 
568453 
470149 
568455 
470151 
568456 
470152 
568458 
470154 
568459 
470155 
568461 
470157 
568462 
470158 
568464 
470160 
568465 
470161 
568467 
470163 
568468 
470164 
568470 
470166 
568471 
470167 
568473 
470169 
568474 
470170 
568476 
470172 
568477 
470173 
568479 
470175 
568480 
470176 
568482 
470178 
568483 
470179 
568485 
470181 
568486 
470182 
568488 
470184 
568489 
470185 
568491 
470187 
568492 
470188 
568494 
470190 
568495 
470191 
568497 
470193 
568498 
470194 
568500 
470196 
568501 
470197 
568503 
470199 
568504 
470201 
568506 
568507 
470203 
568509 
470205 
568510 
470207 
568512 
568513 
470209 
568515 
470211 
568516 
470213 
568518 
568519 
470215 
568521 
470217 
568522 
470219 
568524 
568525 
470221 
568527 
470223 
568528 
470225 
568530 
568531 
470227 
568533 
470229 
568534 
470231 
568536 
568537 
470233 
568539 
470235 
568540 
470237 
568542 
568543 
470239 
568545 
470241 
568546 
470243 
568548 
568549 
470245 
568551 
470247 
568552 
470249 
568554 
568555 
470251 
568557 
470253 
568559 
470255 
470257 
568562 
470259 
568565 
470261 
470263 
568568 
470265 
568571 
470267 
470269 
568574 
470271 
568577 
470273 
470275 
568580 
470277 
568583 
470279 
470281 
568586 
470283 
568589 
470285 
470287 
568592 
470289 
568595 
470291 
470293 
568598 
470295 
568601 
470297 
470299 
568604 
470301 
568607 
470303 
470305 
568610 
470307 
568613 
470309 
470311 
568616 
896297 
470313 
896299 
568619 
470315 
896301 
470317 
568622 
896303 
470319 
896305 
470321 
896307 
896309 
896311 
896313 
896315 
896317 
896319 
896321 
896323 
896325 
896327 
896329 
896331 
896333 
896335 
896337 
896339 
896341 
896343 
896345 
896347 
896349 
896351 
896353 
896355 
896357 
896359 
896361 
896363 
896365 
798062 
896367 
798063 
896369 
798065 
798066 
896371 
798068 
896373 
798069 
896375 
798071 
798072 
896377 
798074 
896379 
798075 
896381 
798077 
798078 
896383 
798080 
896385 
798081 
896387 
798083 
798084 
896389 
798086 
896391 
798087 
896393 
798089 
798090 
896395 
798092 
896397 
798093 
896399 
798095 
798096 
896401 
798098 
896403 
798099 
896405 
798101 
798102 
896407 
798104 
896409 
798105 
896411 
798107 
798108 
896413 
798110 
896415 
798111 
896417 
798113 
798114 
896420 
798116 
896421 
798117 
896422 
896423 
798119 
896424 
798120 
896425 
896426 
798122 
896427 
798123 
896428 
896429 
798125 
896430 
798126 
896431 
896432 
896433 
798129 
896434 
896435 
896436 
798132 
896437 
896438 
896439 
798135 
896440 
896441 
896442 
798138 
896443 
896444 
896445 
798141 
896446 
896447 
896448 
798144 
896449 
896450 
896451 
798147 
896452 
896453 
896454 
798150 
896455 
896456 
896457 
798153 
896458 
896459 
896460 
798156 
896461 
896462 
896463 
798159 
896464 
896465 
896466 
798162 
896467 
896468 
896469 
798165 
896470 
896471 
896472 
798168 
896473 
896474 
896475 
798171 
896476 
896477 
896478 
798174 
896479 
896480 
896481 
798177 
896482 
896483 
896484 
798180 
896485 
896486 
896487 
798183 
896488 
896489 
896490 
896491 
896492 
896493 
896494 
896495 
896496 
896497 
896498 
896499 
896500 
896501 
896502 
896504 
896506 
896508 
896510 
896512 
896514 
896516 
896518 
896520 
896522 
896524 
896526 
896528 
896530 
896532 
896534 
896536 
896538 
896540 
618070 
618073 
618076 
618079 
618082 
618085 
618088 
618091 
618094 
618097 
618100 
618103 
618106 
618109 
618112 
618115 
618118 
618121 
618124 
618127 
618130 
618133 
847520 
847523 
847526 
847529 
847532 
847535 
847538 
847541 
847544 
847547 
847550 
847553 
847556 
847559 
847562 
847565 
847568 
847571 
847573 
847574 
847576 
847577 
847579 
847580 
847582 
847583 
847585 
847586 
847588 
847589 
847591 
847592 
847594 
847595 
847597 
847598 
847600 
847601 
847603 
847604 
847606 
847607 
847609 
847610 
847612 
847613 
847615 
847616 
847618 
847619 
847621 
847622 
847624 
847625 
847627 
847628 
847630 
847631 
847633 
847634 
847636 
847637 
847639 
847641 
847643 
847645 
847647 
847649 
847651 
847653 
847655 
847657 
847659 
847661 
847663 
847665 
847667 
847669 
847671 
847673 
847675 
847677 
847679 
847681 
847683 
847685 
847687 
847689 
847691 
847693 
847695 
847697 
847699 
847701 
847703 
847705 
847707 
847709 
847711 
847713 
847715 
847717 
847719 
847721 
847723 
847725 
847727 
847729 
847731 
847733 
847735 
847737 
847739 
847741 
847743 
847745 
847747 
847749 
847751 
847753 
847755 
847757 
847759 
847761 
94237 
94239 
94241 
94243 
94245 
94247 
94249 
94251 
94253 
94255 
94257 
94259 
94261 
94263 
94265 
94267 
94269 
94271 
94273 
94275 
94277 
94279 
94281 
94283 
94285 
94287 
94289 
94291 
94293 
94295 
94297 
94299 
94301 
94303 
94305 
94307 
94309 
94311 
94313 
94315 
94317 
94319 
94321 
94323 
94325 
94327 
94329 
94331 
94333 
94335 
94337 
94339 
94341 
94343 
94345 
94347 
94349 
94351 
94353 
94355 
94357 
94360 
94361 
94363 
94364 
94366 
94367 
94369 
94370 
94372 
94373 
94375 
94376 
94378 
94379 
94381 
94382 
94384 
94385 
94387 
94388 
94390 
94391 
94393 
94394 
94396 
94397 
94399 
94400 
94402 
94403 
94405 
94406 
94408 
94409 
94411 
94412 
94414 
94415 
94417 
94418 
94420 
94421 
94423 
94424 
94426 
94427 
94429 
94430 
94432 
94433 
94435 
94436 
94438 
94439 
94441 
94442 
94444 
94445 
94447 
94448 
94450 
94451 
94453 
94454 
94456 
94457 
94459 
94460 
94462 
94463 
94465 
94466 
94468 
94469 
94471 
94472 
94474 
94475 
94477 
94478 
94480 
94481 
94483 
94486 
94489 
94492 
94495 
94498 
94501 
94504 
94507 
94510 
94513 
94516 
94519 
94522 
94525 
94528 
94531 
94534 
94537 
94540 
143754 
143757 
143760 
143763 
45460 
143766 
45463 
143769 
45466 
143772 
45469 
143775 
45472 
143778 
45475 
143781 
45478 
143784 
45481 
143787 
45484 
143790 
45487 
143793 
45490 
143796 
45493 
143799 
45496 
143802 
45499 
143805 
45502 
143808 
45505 
143811 
45508 
143814 
45511 
143817 
45513 
143818 
45514 
143820 
45516 
143821 
45517 
143823 
45519 
143824 
45520 
143826 
45522 
143827 
45523 
143829 
45525 
143830 
45526 
143832 
45528 
143833 
45529 
143835 
45531 
143836 
45532 
143838 
45534 
143839 
45535 
143841 
45537 
143842 
45538 
143844 
45540 
143845 
45541 
143847 
45543 
143848 
45544 
143850 
45546 
143851 
45547 
143853 
45549 
143854 
45550 
143856 
45552 
143857 
45553 
143859 
45555 
143860 
45556 
143862 
45558 
143863 
45559 
143865 
45561 
143866 
45562 
143868 
45564 
143869 
45565 
143871 
45567 
143872 
45568 
143874 
45570 
143875 
45571 
143877 
45573 
143878 
45574 
143880 
45576 
143881 
45577 
143883 
45579 
143884 
45581 
143886 
143887 
45583 
143889 
45585 
143890 
45587 
143892 
143893 
45589 
143895 
45591 
143896 
45593 
143898 
143899 
45595 
143901 
45597 
143902 
45599 
143904 
143905 
45601 
143907 
45603 
143908 
45605 
143910 
143911 
45607 
143913 
45609 
143914 
45611 
143916 
143917 
45613 
143919 
45615 
143920 
45617 
143922 
143923 
45619 
143925 
45621 
143926 
45623 
143928 
143929 
45625 
143931 
45627 
143932 
45629 
143934 
143935 
45631 
143937 
45633 
143939 
45635 
45637 
143942 
45639 
143945 
45641 
45643 
143948 
45645 
143951 
45647 
45649 
143954 
45651 
143957 
45653 
45655 
143960 
45657 
143963 
45659 
45661 
143966 
45663 
143969 
45665 
45667 
143972 
45669 
143975 
45671 
45673 
143978 
45675 
143981 
45677 
45679 
143984 
45681 
143987 
45683 
45685 
143990 
45687 
143993 
45689 
45691 
143996 
471677 
45693 
471679 
143999 
45695 
471681 
45697 
144002 
471683 
45699 
471685 
45701 
471687 
471689 
471691 
471693 
471695 
471697 
471699 
471701 
471703 
471705 
471707 
471709 
471711 
471713 
471715 
471717 
471719 
471721 
471723 
471725 
471727 
471729 
471731 
471733 
471735 
471737 
471739 
471741 
471743 
471745 
373442 
471747 
373443 
471749 
373445 
373446 
471751 
373448 
471753 
373449 
471755 
373451 
373452 
471757 
373454 
471759 
373455 
471761 
373457 
373458 
471763 
373460 
471765 
373461 
471767 
373463 
373464 
471769 
373466 
471771 
373467 
471773 
373469 
373470 
471775 
373472 
471777 
373473 
471779 
373475 
373476 
471781 
373478 
471783 
373479 
471785 
373481 
373482 
471787 
373484 
471789 
373485 
471791 
373487 
373488 
471793 
373490 
471795 
373491 
471797 
373493 
373494 
471800 
373496 
471801 
373497 
471803 
373499 
471804 
373500 
471806 
373502 
471807 
373503 
471809 
373505 
471810 
373506 
471812 
471813 
373509 
471815 
471816 
373512 
471818 
471819 
373515 
471821 
471822 
373518 
471824 
471825 
373521 
471827 
471828 
373524 
471830 
471831 
373527 
471833 
471834 
373530 
471836 
471837 
373533 
471839 
471840 
373536 
471842 
471843 
373539 
471845 
471846 
373542 
471848 
471849 
373545 
471851 
471852 
373548 
471854 
471855 
373551 
471857 
471858 
373554 
471860 
471861 
373557 
471863 
471864 
373560 
471866 
471867 
373563 
471869 
471870 
471872 
471873 
471875 
471876 
471878 
471879 
471881 
471882 
471884 
471885 
471887 
471888 
471890 
471891 
471893 
471894 
471896 
471897 
471899 
471900 
471902 
471903 
471905 
471906 
471908 
471909 
471911 
897896 
471912 
897898 
471914 
471915 
897900 
471917 
897902 
471918 
897904 
471920 
471921 
897906 
471923 
897908 
897910 
471926 
897912 
471929 
897914 
897916 
471932 
897918 
471935 
897920 
897922 
471938 
897924 
471941 
897926 
897928 
471944 
897930 
471947 
897932 
897934 
471950 
897936 
471953 
897938 
897939 
897940 
471956 
897941 
897942 
897943 
471959 
897944 
897945 
897946 
471962 
897947 
897948 
897949 
471965 
897950 
897951 
897952 
471968 
897953 
897954 
897955 
471971 
897956 
897957 
897958 
471974 
897959 
897960 
897961 
471977 
897962 
193450 
897963 
897964 
471980 
897965 
193453 
897966 
897967 
897968 
193456 
897969 
897970 
897971 
193459 
897972 
897973 
897974 
193462 
897975 
897976 
897977 
193465 
897978 
897979 
897980 
193468 
897981 
897982 
897983 
193471 
897984 
897985 
897986 
193474 
897987 
897988 
897989 
193477 
897990 
897991 
897992 
193480 
897993 
897994 
897995 
193483 
897996 
897997 
897998 
193486 
897999 
898000 
898001 
193489 
898002 
898003 
898004 
193492 
898005 
898006 
898007 
193495 
898008 
898009 
898010 
193498 
898011 
898012 
898013 
193501 
898014 
898015 
898016 
193504 
898017 
898018 
898019 
193507 
898021 
193510 
898023 
898025 
193513 
521194 
898027 
898029 
521197 
898031 
521200 
898033 
898035 
521203 
422900 
898037 
521206 
898039 
422903 
898041 
521209 
422906 
898043 
521212 
898045 
422909 
898047 
521215 
422912 
898049 
521218 
898051 
422915 
898053 
521221 
422918 
898055 
521224 
898057 
422921 
898059 
521227 
422924 
898061 
521230 
422927 
521233 
422930 
521236 
422933 
521239 
422936 
521242 
422939 
521245 
422942 
521248 
422945 
521251 
422948 
521254 
422951 
521257 
422953 
521258 
422954 
521260 
422956 
521261 
422957 
521263 
422959 
521264 
422960 
521266 
422962 
521267 
422963 
521269 
422965 
521270 
422966 
521272 
422968 
521273 
422969 
521275 
422971 
521276 
422972 
521278 
422974 
521279 
422975 
521281 
422977 
521282 
422978 
521284 
422980 
521285 
422981 
521287 
422983 
521288 
422984 
521290 
422986 
521291 
422987 
521293 
422989 
521294 
422990 
521296 
422992 
521297 
422993 
521299 
422995 
521300 
422996 
521302 
422998 
521303 
422999 
521305 
423001 
521306 
423002 
521308 
423004 
521309 
423005 
521311 
423007 
521312 
423008 
521314 
423010 
521315 
423011 
521317 
423013 
521318 
423014 
521320 
423016 
521321 
423017 
521323 
423019 
521324 
423021 
521326 
521327 
423023 
521329 
423025 
521330 
423027 
521332 
521333 
423029 
521335 
423031 
521336 
423033 
521338 
521339 
423035 
521341 
423037 
521342 
423039 
521344 
521345 
423041 
521347 
423043 
521348 
423045 
521350 
521351 
423047 
521353 
423049 
521354 
423051 
521356 
521357 
423053 
521359 
423055 
521360 
423057 
521362 
521363 
423059 
521365 
423061 
521366 
423063 
521368 
521369 
423065 
521371 
423067 
521372 
423069 
521374 
521375 
423071 
521377 
423073 
521379 
423075 
423077 
521382 
423079 
521385 
423081 
423083 
521388 
423085 
521391 
423087 
423089 
521394 
423091 
521397 
423093 
423095 
521400 
423097 
521403 
423099 
423101 
521406 
423103 
521409 
423105 
423107 
521412 
423109 
521415 
423111 
423113 
521418 
423115 
521421 
423117 
423119 
521424 
423121 
521427 
423123 
423125 
521430 
423127 
521433 
423129 
423131 
521436 
849117 
423133 
849119 
521439 
423135 
849121 
423137 
521442 
849123 
423139 
849125 
423141 
849127 
849129 
849131 
849133 
849135 
849137 
849139 
849141 
849143 
849145 
849147 
849149 
849151 
849153 
849155 
849157 
849159 
849161 
849163 
849165 
849167 
849169 
849171 
849173 
849175 
849177 
849179 
849181 
849183 
849185 
750882 
849187 
750883 
849189 
750885 
750886 
849191 
750888 
849193 
750889 
849195 
750891 
750892 
849197 
750894 
849199 
750895 
849201 
750897 
750898 
849203 
750900 
849205 
750901 
849207 
750903 
750904 
849209 
750906 
849211 
750907 
849213 
750909 
750910 
849215 
750912 
849217 
750913 
849219 
750915 
750916 
849221 
750918 
849223 
750919 
849225 
750921 
750922 
849227 
750924 
849229 
750925 
849231 
750927 
750928 
849233 
750930 
849235 
750931 
849237 
750933 
750934 
849240 
750936 
849241 
750937 
849243 
750939 
849244 
750940 
849246 
750942 
849247 
750943 
849249 
750945 
849250 
750946 
849252 
849253 
750949 
849255 
849256 
750952 
849258 
849259 
750955 
849261 
849262 
750958 
849264 
849265 
750961 
849267 
849268 
750964 
849270 
849271 
750967 
849273 
849274 
750970 
849276 
849277 
750973 
849279 
849280 
750976 
849282 
849283 
750979 
849285 
849286 
750982 
849288 
849289 
750985 
849291 
849292 
750988 
849294 
849295 
750991 
849297 
849298 
750994 
849300 
849301 
750997 
849303 
849304 
751000 
849306 
849307 
751003 
849309 
849310 
849312 
849313 
849315 
849316 
849318 
849319 
849321 
849322 
849324 
849325 
849327 
849328 
849330 
849331 
849333 
849334 
849336 
849337 
849339 
849340 
849342 
849343 
849345 
849346 
849348 
849349 
849351 
849352 
849354 
849355 
849357 
849358 
849360 
849361 
849363 
849366 
849369 
849372 
849375 
849378 
849381 
849384 
849387 
849390 
849393 
849396 
849399 
849402 
849405 
849408 
849411 
849414 
849417 
570890 
849420 
570893 
570896 
570899 
570902 
570905 
570908 
570911 
570914 
570917 
570920 
570923 
570926 
570929 
570932 
570935 
570938 
570941 
570944 
570947 
570950 
570953 
800340 
800343 
800346 
800349 
800352 
800355 
800358 
800361 
800364 
800367 
800370 
800373 
800376 
800379 
800382 
800385 
800388 
800391 
800393 
800394 
800396 
800397 
800399 
800400 
800402 
800403 
800405 
800406 
800408 
800409 
800411 
800412 
800414 
800415 
800417 
800418 
800420 
800421 
800423 
800424 
800426 
800427 
800429 
800430 
800432 
800433 
800435 
800436 
800438 
800439 
800441 
800442 
800444 
800445 
800447 
800448 
800450 
800451 
800453 
800454 
800456 
800457 
800459 
800461 
800463 
800465 
800467 
800469 
800471 
800473 
800475 
800477 
800479 
800481 
800483 
800485 
800487 
800489 
800491 
800493 
800495 
800497 
800499 
800501 
800503 
800505 
800507 
800509 
800511 
800513 
800515 
800517 
800519 
800521 
800523 
800525 
800527 
800529 
800531 
800533 
800535 
800537 
800539 
800541 
800543 
800545 
800547 
800549 
800551 
800553 
800555 
800557 
800559 
800561 
800563 
800565 
800567 
800569 
800571 
800573 
800575 
800577 
800579 
800581 
47057 
47059 
47061 
47063 
47065 
47067 
47069 
47071 
47073 
47075 
47077 
47079 
47081 
47083 
47085 
47087 
47089 
47091 
47093 
47095 
47097 
47099 
47101 
47103 
47105 
47107 
47109 
47111 
47113 
47115 
47117 
47119 
47121 
47123 
47125 
47127 
47129 
47131 
47133 
47135 
47137 
47139 
47141 
47143 
47145 
47147 
47149 
47151 
47153 
47155 
47157 
47159 
47161 
47163 
47165 
47167 
47169 
47171 
47173 
47175 
47177 
47180 
47181 
47183 
47184 
47186 
47187 
47189 
47190 
47192 
47193 
47195 
47196 
47198 
47199 
47201 
47202 
47204 
47205 
47207 
47208 
47210 
47211 
47213 
47214 
47216 
47217 
47219 
47220 
47222 
47223 
47225 
47226 
47228 
47229 
47231 
47232 
47234 
47235 
47237 
47238 
47240 
47241 
47243 
47244 
47246 
47247 
47249 
47250 
47252 
47253 
47255 
47256 
47258 
47259 
47261 
47262 
47264 
47265 
47267 
47268 
47270 
47271 
47273 
47274 
47276 
47277 
47279 
47280 
47282 
47283 
47285 
47286 
47288 
47289 
47291 
47292 
47294 
47295 
47297 
47298 
47300 
47301 
47303 
47306 
47309 
47312 
47315 
47318 
47321 
47324 
47327 
47330 
47333 
47336 
47339 
47342 
47345 
47348 
47351 
47354 
47357 
47360 
96574 
96577 
96580 
96583 
96586 
96589 
96592 
96595 
96598 
96601 
96604 
96607 
96610 
96613 
96616 
96619 
96622 
96625 
96628 
96631 
96634 
96637 
96638 
96640 
96641 
96643 
96644 
96646 
96647 
96649 
96650 
96652 
96653 
96655 
96656 
96658 
96659 
96661 
96662 
96664 
96665 
96667 
96668 
96670 
96671 
96673 
96674 
96676 
96677 
96679 
96680 
96682 
96683 
96685 
96686 
96688 
96689 
96691 
96692 
96694 
96695 
96697 
96698 
96700 
96701 
96703 
96704 
96706 
96707 
96709 
96710 
96712 
96713 
96715 
96716 
96718 
96719 
96721 
96722 
96724 
96725 
96727 
96728 
96730 
96731 
96733 
96734 
96736 
96737 
96739 
96740 
96742 
96743 
96745 
96746 
96748 
96749 
96751 
96752 
96754 
96755 
899573 
96757 
899575 
96759 
899577 
96762 
899579 
899581 
96765 
899583 
96768 
899585 
899587 
96771 
899589 
96774 
899591 
899593 
96777 
899595 
96780 
899597 
899599 
96783 
899601 
96786 
899603 
899605 
96789 
899607 
96792 
899609 
899611 
96795 
899613 
96798 
899615 
96801 
96804 
96807 
96810 
96813 
96816 
424497 
424499 
96819 
424501 
96822 
424503 
424505 
424507 
424509 
424511 
424513 
424515 
424517 
424519 
424521 
424523 
424525 
424527 
424529 
424531 
424533 
424535 
424537 
424539 
424541 
424543 
424545 
424547 
424549 
424551 
424553 
424555 
424557 
424559 
424561 
424563 
424565 
326262 
424567 
326263 
424569 
326265 
326266 
424571 
326268 
424573 
326269 
424575 
326271 
326272 
424577 
326274 
424579 
326275 
424581 
326277 
326278 
424583 
326280 
424585 
326281 
424587 
326283 
326284 
424589 
326286 
424591 
326287 
424593 
326289 
326290 
424595 
326292 
424597 
326293 
424599 
326295 
326296 
424601 
326298 
424603 
326299 
424605 
326301 
326302 
424607 
326304 
424609 
326305 
424611 
326307 
326308 
424613 
326310 
424615 
326311 
424617 
326313 
326314 
424620 
326316 
424621 
326317 
424623 
326319 
424624 
326320 
424626 
326322 
424627 
326323 
424629 
326325 
424630 
326326 
424632 
424633 
326329 
424635 
424636 
326332 
424638 
424639 
326335 
424641 
424642 
326338 
424644 
424645 
326341 
424647 
424648 
326344 
424650 
424651 
326347 
424653 
424654 
326350 
424656 
424657 
326353 
424659 
424660 
326356 
424662 
424663 
326359 
424665 
424666 
326362 
424668 
424669 
326365 
424671 
424672 
326368 
424674 
424675 
326371 
424677 
424678 
326374 
424680 
424681 
326377 
424683 
424684 
326380 
424686 
424687 
326383 
424689 
424690 
424692 
424693 
424695 
424696 
424698 
424699 
424701 
424702 
424704 
424705 
424707 
424708 
424710 
424711 
424713 
424714 
424716 
424717 
424719 
424720 
424722 
424723 
424725 
424726 
424728 
424729 
424731 
424732 
424734 
424735 
424737 
424738 
424740 
424741 
424743 
424746 
424749 
424752 
424755 
424758 
424761 
424764 
424767 
424770 
424773 
424776 
424779 
424782 
424785 
424788 
424791 
424794 
424797 
146270 
424800 
146273 
146276 
146279 
146282 
146285 
146288 
146291 
146294 
146297 
146300 
146303 
146306 
146309 
146312 
146315 
146318 
146321 
146324 
146327 
146330 
146333 
474014 
474017 
474020 
474023 
375720 
474026 
375723 
474029 
375726 
474032 
375729 
474035 
375732 
474038 
375735 
474041 
375738 
474044 
375741 
474047 
375744 
474050 
375747 
474053 
375750 
474056 
375753 
474059 
375756 
474062 
375759 
474065 
375762 
474068 
375765 
474071 
375768 
474074 
375771 
474077 
375773 
474078 
375774 
474080 
375776 
474081 
375777 
474083 
375779 
474084 
375780 
474086 
375782 
474087 
375783 
474089 
375785 
474090 
375786 
474092 
375788 
474093 
375789 
474095 
375791 
474096 
375792 
474098 
375794 
474099 
375795 
474101 
375797 
474102 
375798 
474104 
375800 
474105 
375801 
474107 
375803 
474108 
375804 
474110 
375806 
474111 
375807 
474113 
375809 
474114 
375810 
474116 
375812 
474117 
375813 
474119 
375815 
474120 
375816 
474122 
375818 
474123 
375819 
474125 
375821 
474126 
375822 
474128 
375824 
474129 
375825 
474131 
375827 
474132 
375828 
474134 
375830 
474135 
375831 
474137 
375833 
474138 
375834 
474140 
375836 
474141 
375837 
474143 
375839 
474144 
375841 
474146 
474147 
375843 
474149 
375845 
474150 
375847 
474152 
474153 
375849 
474155 
375851 
474156 
375853 
474158 
474159 
375855 
474161 
375857 
474162 
375859 
474164 
474165 
375861 
474167 
375863 
474168 
375865 
474170 
474171 
375867 
474173 
375869 
474174 
375871 
474176 
474177 
375873 
474179 
375875 
474180 
375877 
474182 
474183 
375879 
474185 
375881 
474186 
375883 
474188 
474189 
375885 
474191 
375887 
474192 
375889 
474194 
474195 
375891 
474197 
375893 
474199 
375895 
375897 
474202 
375899 
474205 
375901 
375903 
474208 
375905 
474211 
375907 
375909 
474214 
375911 
474217 
375913 
375915 
474220 
375917 
474223 
375919 
375921 
474226 
375923 
474229 
375925 
375927 
474232 
375929 
474235 
375931 
375933 
474238 
375935 
474241 
375937 
375939 
474244 
375941 
474247 
375943 
375945 
474250 
375947 
474253 
375949 
375951 
474256 
801937 
375953 
801939 
474259 
375955 
801941 
375957 
474262 
801943 
375959 
801945 
375961 
801947 
801949 
801951 
801953 
801955 
801957 
801959 
801961 
801963 
801965 
801967 
801969 
801971 
801973 
801975 
801977 
801979 
801981 
801983 
801985 
801987 
801989 
801991 
801993 
801995 
801997 
801999 
802001 
802003 
802005 
703702 
802007 
703703 
802009 
703705 
703706 
802011 
703708 
802013 
703709 
802015 
703711 
703712 
802017 
703714 
802019 
703715 
802021 
703717 
703718 
802023 
703720 
802025 
703721 
802027 
703723 
703724 
802029 
703726 
802031 
703727 
802033 
703729 
703730 
802035 
703732 
802037 
703733 
802039 
703735 
703736 
802041 
703738 
802043 
703739 
802045 
703741 
703742 
802047 
703744 
802049 
703745 
802051 
703747 
703748 
802053 
703750 
802055 
703751 
802057 
703753 
703754 
802060 
703756 
802061 
703757 
802063 
703759 
802064 
703760 
802066 
703762 
802067 
703763 
802069 
703765 
802070 
703766 
802072 
802073 
703769 
802075 
802076 
703772 
802078 
802079 
703775 
802081 
802082 
703778 
802084 
802085 
703781 
802087 
802088 
703784 
802090 
802091 
703787 
802093 
802094 
703790 
802096 
802097 
703793 
802099 
802100 
703796 
802102 
802103 
703799 
802105 
802106 
703802 
802108 
802109 
703805 
802111 
802112 
703808 
802114 
802115 
703811 
802117 
802118 
703814 
802120 
802121 
703817 
802123 
802124 
703820 
802126 
802127 
703823 
802129 
802130 
802132 
802133 
802135 
802136 
802138 
802139 
802141 
802142 
802144 
802145 
802147 
802148 
802150 
802151 
802153 
802154 
802156 
802157 
802159 
802160 
802162 
802163 
802165 
802166 
802168 
802169 
802171 
802172 
802174 
802175 
802177 
802178 
802180 
802181 
802183 
802186 
802189 
802192 
802195 
802198 
802201 
802204 
802207 
802210 
802213 
802216 
802219 
802222 
802225 
802228 
802231 
802234 
802237 
523710 
802240 
523713 
523716 
523719 
523722 
523725 
523728 
523731 
523734 
523737 
523740 
523743 
523746 
523749 
523752 
523755 
523758 
523761 
523764 
523767 
523770 
523773 
851454 
851457 
851460 
851463 
753160 
851466 
753163 
851469 
753166 
851472 
753169 
851475 
753172 
851478 
753175 
851481 
753178 
851484 
753181 
851487 
753184 
851490 
753187 
851493 
753190 
851496 
753193 
851499 
753196 
851502 
753199 
851505 
753202 
851508 
753205 
851511 
753208 
851514 
753211 
851517 
753213 
851518 
753214 
851520 
753216 
851521 
753217 
851523 
753219 
851524 
753220 
851526 
753222 
851527 
753223 
851529 
753225 
851530 
753226 
851532 
753228 
851533 
753229 
851535 
753231 
851536 
753232 
851538 
753234 
851539 
753235 
851541 
753237 
851542 
753238 
851544 
753240 
851545 
753241 
851547 
753243 
851548 
753244 
851550 
753246 
851551 
753247 
851553 
753249 
851554 
753250 
851556 
753252 
851557 
753253 
851559 
753255 
851560 
753256 
851562 
753258 
851563 
753259 
851565 
753261 
851566 
753262 
851568 
753264 
851569 
753265 
851571 
753267 
851572 
753268 
851574 
753270 
851575 
753271 
851577 
753273 
851578 
753274 
851580 
753276 
851581 
753277 
851583 
753279 
851584 
753281 
851586 
851587 
753283 
851589 
753285 
851590 
753287 
851592 
851593 
753289 
851595 
753291 
851596 
753293 
851598 
851599 
753295 
851601 
753297 
851602 
753299 
851604 
851605 
753301 
851607 
753303 
851608 
753305 
851610 
851611 
753307 
851613 
753309 
851614 
753311 
851616 
851617 
753313 
851619 
753315 
851620 
753317 
851622 
851623 
753319 
851625 
753321 
851626 
753323 
851628 
851629 
753325 
851631 
753327 
851632 
753329 
851634 
851635 
753331 
851637 
753333 
851639 
753335 
753337 
851642 
753339 
851645 
753341 
753343 
851648 
753345 
851651 
753347 
753349 
851654 
753351 
851657 
753353 
753355 
851660 
753357 
851663 
753359 
753361 
851666 
753363 
851669 
753365 
753367 
851672 
753369 
851675 
753371 
753373 
851678 
753375 
851681 
753377 
753379 
851684 
753381 
851687 
753383 
753385 
851690 
753387 
851693 
753389 
753391 
851696 
753393 
851699 
753395 
753397 
851702 
753399 
753401 
)

// ************************************************************************* //
