/*--------------------------------*- C++ -*----------------------------------*\
  =========                 |
  \\      /  F ield         | OpenFOAM: The Open Source CFD Toolbox
   \\    /   O peration     | Website:  https://openfoam.org
    \\  /    A nd           | Version:  11
     \\/     M anipulation  |
\*---------------------------------------------------------------------------*/
FoamFile
{
    format      ascii;
    class       faceSet;
    location    "constant/polyMesh/sets";
    object      skewFaces;
}
// * * * * * * * * * * * * * * * * * * * * * * * * * * * * * * * * * * * * * //


9920
(
973120 
973121 
973122 
973123 
973124 
973125 
973126 
973127 
973128 
973129 
973130 
973131 
973132 
973133 
973134 
973135 
989520 
973136 
989521 
973137 
989522 
973138 
989523 
973139 
989524 
973140 
989525 
973141 
989526 
973142 
989527 
973143 
989528 
973144 
989529 
973145 
989530 
973146 
989531 
973147 
989532 
973148 
989533 
973149 
989534 
973150 
989535 
973151 
989536 
973152 
989537 
973153 
989538 
973154 
989539 
973155 
989540 
973156 
989541 
973157 
989542 
973158 
989543 
973159 
989544 
973160 
989545 
973161 
989546 
973162 
989547 
973163 
989548 
973164 
989549 
973165 
989550 
973166 
989551 
973167 
989552 
973168 
989553 
973169 
989554 
973170 
989555 
973171 
989556 
973172 
989557 
973173 
989558 
973174 
989559 
973175 
989560 
973176 
989561 
973177 
989562 
973178 
989563 
973179 
989564 
973180 
989565 
973181 
989566 
973182 
989567 
973183 
989568 
973184 
989569 
973185 
989570 
973186 
989571 
973187 
989572 
973188 
989573 
973189 
989574 
973190 
989575 
973191 
989576 
973192 
989577 
973193 
989578 
973194 
989579 
973195 
989580 
973196 
989581 
973197 
989582 
973198 
989583 
973199 
989584 
973200 
989585 
973201 
989586 
973202 
989587 
973203 
989588 
973204 
989589 
973205 
989590 
973206 
989591 
973207 
989592 
973208 
989593 
973209 
989594 
973210 
989595 
973211 
989596 
973212 
989597 
973213 
989598 
973214 
989599 
973215 
989600 
973216 
989601 
973217 
989602 
973218 
989603 
973219 
989604 
973220 
989605 
973221 
989606 
973222 
989607 
973223 
989608 
973224 
989609 
973225 
989610 
973226 
989611 
973227 
989612 
973228 
989613 
973229 
989614 
973230 
989615 
973231 
989616 
973232 
989617 
973233 
989618 
973234 
989619 
973235 
989620 
973236 
989621 
973237 
989622 
973238 
989623 
973239 
989624 
973240 
989625 
973241 
989626 
973242 
989627 
973243 
989628 
973244 
989629 
973245 
989630 
973246 
989631 
973247 
989632 
973248 
989633 
973249 
989634 
973250 
989635 
973251 
989636 
973252 
989637 
973253 
989638 
973254 
989639 
973255 
989640 
973256 
989641 
973257 
989642 
973258 
989643 
973259 
989644 
973260 
989645 
973261 
989646 
973262 
989647 
973263 
989648 
973264 
989649 
973265 
989650 
973266 
989651 
973267 
989652 
973268 
989653 
973269 
989654 
973270 
989655 
973271 
989656 
973272 
989657 
973273 
989658 
973274 
989659 
973275 
989660 
973276 
989661 
973277 
989662 
973278 
989663 
973279 
989664 
973280 
989665 
973281 
989666 
973282 
989667 
973283 
989668 
973284 
989669 
973285 
989670 
973286 
989671 
973287 
989672 
973288 
989673 
973289 
989674 
973290 
989675 
973291 
989676 
973292 
989677 
973293 
989678 
973294 
989679 
973295 
989680 
973296 
989681 
973297 
989682 
973298 
989683 
973299 
989684 
973300 
989685 
973301 
989686 
973302 
989687 
973303 
989688 
973304 
989689 
973305 
989690 
973306 
989691 
973307 
989692 
973308 
989693 
973309 
989694 
973310 
989695 
973311 
989696 
973312 
989697 
973313 
989698 
973314 
989699 
973315 
989700 
973316 
989701 
973317 
989702 
973318 
989703 
973319 
989704 
973320 
989705 
973321 
989706 
973322 
989707 
973323 
989708 
973324 
989709 
973325 
989710 
973326 
989711 
973327 
989712 
973328 
989713 
973329 
989714 
973330 
989715 
973331 
989716 
973332 
989717 
973333 
989718 
973334 
989719 
973335 
989720 
973336 
989721 
973337 
989722 
973338 
989723 
973339 
989724 
973340 
989725 
973341 
989726 
973342 
989727 
973343 
989728 
973344 
989729 
973345 
989730 
973346 
989731 
973347 
989732 
973348 
989733 
973349 
989734 
973350 
989735 
973351 
989736 
973352 
989737 
973353 
989738 
973354 
989739 
973355 
989740 
973356 
989741 
973357 
989742 
973358 
989743 
973359 
989744 
973360 
989745 
973361 
989746 
973362 
989747 
973363 
989748 
973364 
989749 
973365 
989750 
973366 
989751 
973367 
989752 
973368 
989753 
973369 
989754 
973370 
989755 
973371 
989756 
973372 
989757 
973373 
989758 
973374 
989759 
973375 
989760 
973376 
989761 
973377 
989762 
973378 
989763 
973379 
989764 
973380 
989765 
973381 
989766 
973382 
989767 
973383 
989768 
973384 
989769 
973385 
989770 
973386 
989771 
973387 
989772 
973388 
989773 
973389 
989774 
973390 
989775 
973391 
989776 
973392 
989777 
973393 
989778 
973394 
989779 
973395 
989780 
973396 
989781 
973397 
989782 
973398 
989783 
973399 
989784 
973400 
989785 
973401 
989786 
973402 
989787 
973403 
989788 
973404 
989789 
973405 
989790 
973406 
989791 
973407 
989792 
973408 
989793 
973409 
989794 
973410 
989795 
973411 
989796 
973412 
989797 
973413 
989798 
973414 
989799 
973415 
989800 
973416 
989801 
973417 
989802 
973418 
989803 
973419 
989804 
973420 
989805 
973421 
989806 
973422 
989807 
973423 
989808 
973424 
989809 
973425 
989810 
973426 
989811 
973427 
989812 
973428 
989813 
973429 
989814 
973430 
989815 
973431 
989816 
973432 
989817 
973433 
989818 
973434 
989819 
973435 
989820 
973436 
989821 
973437 
989822 
973438 
989823 
973439 
989824 
973440 
989825 
973441 
989826 
973442 
989827 
973443 
989828 
973444 
989829 
973445 
989830 
973446 
989831 
973447 
989832 
973448 
989833 
973449 
989834 
973450 
989835 
973451 
989836 
973452 
989837 
973453 
989838 
973454 
989839 
973455 
989840 
973456 
989841 
973457 
989842 
973458 
989843 
973459 
989844 
973460 
989845 
973461 
989846 
973462 
989847 
973463 
989848 
973464 
989849 
973465 
989850 
973466 
989851 
973467 
989852 
973468 
989853 
973469 
989854 
973470 
989855 
973471 
989856 
973472 
989857 
973473 
989858 
973474 
989859 
973475 
989860 
973476 
989861 
973477 
989862 
973478 
989863 
973479 
989864 
973480 
989865 
973481 
989866 
973482 
989867 
973483 
989868 
973484 
989869 
973485 
989870 
973486 
989871 
973487 
989872 
973488 
989873 
973489 
989874 
973490 
989875 
973491 
989876 
973492 
989877 
973493 
989878 
973494 
989879 
973495 
989880 
973496 
989881 
973497 
989882 
973498 
989883 
973499 
989884 
973500 
989885 
973501 
989886 
973502 
989887 
973503 
989888 
973504 
989889 
973505 
989890 
973506 
989891 
973507 
989892 
973508 
989893 
973509 
989894 
973510 
989895 
973511 
989896 
973512 
989897 
973513 
989898 
973514 
989899 
973515 
989900 
973516 
989901 
973517 
989902 
973518 
989903 
973519 
989904 
973520 
989905 
973521 
989906 
973522 
989907 
973523 
989908 
973524 
989909 
973525 
989910 
973526 
989911 
973527 
989912 
973528 
989913 
973529 
989914 
973530 
989915 
973531 
989916 
973532 
989917 
973533 
989918 
973534 
989919 
973535 
989920 
973536 
989921 
973537 
989922 
973538 
989923 
973539 
989924 
973540 
989925 
973541 
989926 
973542 
989927 
973543 
989928 
973544 
989929 
973545 
989930 
973546 
989931 
973547 
989932 
973548 
989933 
973549 
989934 
973550 
989935 
973551 
989936 
973552 
989937 
973553 
989938 
973554 
989939 
973555 
989940 
973556 
989941 
973557 
989942 
973558 
989943 
973559 
989944 
973560 
989945 
973561 
989946 
973562 
989947 
973563 
989948 
973564 
989949 
973565 
989950 
973566 
989951 
973567 
989952 
973568 
989953 
973569 
989954 
973570 
989955 
973571 
989956 
973572 
989957 
973573 
989958 
973574 
989959 
973575 
989960 
973576 
989961 
973577 
989962 
973578 
989963 
973579 
989964 
973580 
989965 
973581 
989966 
973582 
989967 
973583 
989968 
973584 
989969 
973585 
989970 
973586 
989971 
973587 
989972 
973588 
989973 
973589 
989974 
973590 
989975 
973591 
989976 
973592 
989977 
973593 
989978 
973594 
989979 
973595 
989980 
973596 
989981 
973597 
989982 
973598 
989983 
973599 
989984 
973600 
989985 
973601 
989986 
973602 
989987 
973603 
989988 
973604 
989989 
973605 
989990 
973606 
989991 
973607 
989992 
973608 
989993 
973609 
989994 
973610 
989995 
973611 
989996 
973612 
989997 
973613 
989998 
973614 
989999 
973615 
990000 
973616 
990001 
973617 
990002 
973618 
990003 
973619 
990004 
973620 
990005 
973621 
990006 
973622 
990007 
973623 
990008 
973624 
990009 
973625 
990010 
973626 
990011 
973627 
990012 
973628 
990013 
973629 
990014 
973630 
990015 
973631 
990016 
973632 
990017 
973633 
990018 
973634 
990019 
973635 
990020 
973636 
990021 
973637 
990022 
973638 
990023 
973639 
990024 
973640 
990025 
973641 
990026 
973642 
990027 
973643 
990028 
973644 
990029 
973645 
990030 
973646 
990031 
973647 
990032 
973648 
990033 
973649 
990034 
973650 
990035 
973651 
990036 
973652 
990037 
973653 
990038 
973654 
990039 
973655 
990040 
973656 
990041 
973657 
990042 
973658 
990043 
973659 
990044 
973660 
990045 
973661 
990046 
973662 
990047 
973663 
990048 
973664 
990049 
973665 
990050 
973666 
990051 
973667 
990052 
973668 
990053 
973669 
990054 
973670 
990055 
973671 
990056 
973672 
990057 
973673 
990058 
973674 
990059 
973675 
990060 
973676 
990061 
973677 
990062 
973678 
990063 
973679 
990064 
973680 
990065 
973681 
990066 
973682 
990067 
973683 
990068 
973684 
990069 
973685 
990070 
973686 
990071 
973687 
990072 
973688 
990073 
973689 
990074 
973690 
990075 
973691 
990076 
973692 
990077 
973693 
990078 
973694 
990079 
973695 
990080 
973696 
990081 
973697 
990082 
973698 
990083 
973699 
990084 
973700 
990085 
973701 
990086 
973702 
990087 
973703 
990088 
973704 
990089 
973705 
990090 
973706 
990091 
973707 
990092 
973708 
990093 
973709 
990094 
973710 
990095 
973711 
990096 
973712 
990097 
973713 
990098 
973714 
990099 
973715 
990100 
973716 
990101 
973717 
990102 
973718 
990103 
973719 
990104 
973720 
990105 
973721 
990106 
973722 
990107 
973723 
990108 
973724 
990109 
973725 
990110 
973726 
990111 
973727 
990112 
973728 
990113 
973729 
990114 
973730 
990115 
973731 
990116 
973732 
990117 
973733 
990118 
973734 
990119 
973735 
990120 
973736 
990121 
973737 
990122 
973738 
990123 
973739 
990124 
973740 
990125 
973741 
990126 
973742 
990127 
973743 
990128 
973744 
990129 
973745 
990130 
973746 
990131 
973747 
990132 
973748 
990133 
973749 
990134 
973750 
990135 
973751 
990136 
973752 
990137 
973753 
990138 
973754 
990139 
973755 
990140 
973756 
990141 
973757 
990142 
973758 
990143 
973759 
990144 
973760 
990145 
973761 
990146 
973762 
990147 
973763 
990148 
973764 
990149 
973765 
990150 
973766 
990151 
973767 
990152 
973768 
990153 
973769 
990154 
973770 
990155 
973771 
990156 
973772 
990157 
973773 
990158 
973774 
990159 
973775 
990160 
973776 
990161 
973777 
990162 
973778 
990163 
973779 
990164 
973780 
990165 
973781 
990166 
973782 
990167 
973783 
990168 
973784 
990169 
973785 
990170 
973786 
990171 
973787 
990172 
973788 
990173 
973789 
990174 
973790 
990175 
973791 
990176 
973792 
990177 
973793 
990178 
973794 
990179 
973795 
990180 
973796 
990181 
973797 
990182 
973798 
990183 
973799 
990184 
973800 
990185 
973801 
990186 
973802 
990187 
973803 
990188 
973804 
990189 
973805 
990190 
973806 
990191 
973807 
990192 
973808 
990193 
973809 
990194 
973810 
990195 
973811 
990196 
973812 
990197 
973813 
990198 
973814 
990199 
973815 
990200 
973816 
990201 
973817 
990202 
973818 
990203 
973819 
990204 
973820 
990205 
973821 
990206 
973822 
990207 
973823 
990208 
973824 
990209 
973825 
990210 
973826 
990211 
973827 
990212 
973828 
990213 
973829 
990214 
973830 
990215 
973831 
990216 
973832 
990217 
973833 
990218 
973834 
990219 
973835 
990220 
973836 
990221 
973837 
990222 
973838 
990223 
973839 
990224 
973840 
990225 
973841 
990226 
973842 
990227 
973843 
990228 
973844 
990229 
973845 
990230 
973846 
990231 
973847 
990232 
973848 
990233 
973849 
990234 
973850 
990235 
973851 
990236 
973852 
990237 
973853 
990238 
973854 
990239 
973855 
990240 
973856 
990241 
973857 
990242 
973858 
990243 
973859 
990244 
973860 
990245 
973861 
990246 
973862 
990247 
973863 
990248 
973864 
990249 
973865 
990250 
973866 
990251 
973867 
990252 
973868 
990253 
973869 
990254 
973870 
990255 
973871 
990256 
973872 
990257 
973873 
990258 
973874 
990259 
973875 
990260 
973876 
990261 
973877 
990262 
973878 
990263 
973879 
990264 
973880 
990265 
973881 
990266 
973882 
990267 
973883 
990268 
973884 
990269 
973885 
990270 
973886 
990271 
973887 
990272 
973888 
990273 
973889 
990274 
973890 
990275 
973891 
990276 
973892 
990277 
973893 
990278 
973894 
990279 
973895 
990280 
973896 
990281 
973897 
990282 
973898 
990283 
973899 
990284 
973900 
990285 
973901 
990286 
973902 
990287 
973903 
990288 
973904 
990289 
973905 
990290 
973906 
990291 
973907 
990292 
973908 
990293 
973909 
990294 
973910 
990295 
973911 
990296 
973912 
990297 
973913 
990298 
973914 
990299 
973915 
990300 
973916 
990301 
973917 
990302 
973918 
990303 
973919 
990304 
973920 
990305 
973921 
990306 
973922 
990307 
973923 
990308 
973924 
990309 
973925 
990310 
973926 
990311 
973927 
990312 
973928 
990313 
973929 
990314 
973930 
990315 
973931 
990316 
973932 
990317 
973933 
990318 
973934 
990319 
973935 
990320 
973936 
990321 
973937 
990322 
973938 
990323 
973939 
990324 
973940 
990325 
973941 
990326 
973942 
990327 
973943 
990328 
973944 
990329 
973945 
990330 
973946 
990331 
973947 
990332 
973948 
990333 
973949 
990334 
973950 
990335 
973951 
990336 
973952 
990337 
973953 
990338 
973954 
990339 
973955 
990340 
973956 
990341 
973957 
990342 
973958 
990343 
973959 
990344 
973960 
990345 
973961 
990346 
973962 
990347 
973963 
990348 
973964 
990349 
973965 
990350 
973966 
990351 
973967 
990352 
973968 
990353 
973969 
990354 
973970 
990355 
973971 
990356 
973972 
990357 
973973 
990358 
973974 
990359 
973975 
990360 
973976 
990361 
973977 
990362 
973978 
990363 
973979 
990364 
973980 
990365 
973981 
990366 
973982 
990367 
973983 
990368 
973984 
990369 
973985 
990370 
973986 
990371 
973987 
990372 
973988 
990373 
973989 
990374 
973990 
990375 
973991 
990376 
973992 
990377 
973993 
990378 
973994 
990379 
973995 
990380 
973996 
990381 
973997 
990382 
973998 
990383 
973999 
990384 
974000 
990385 
974001 
990386 
974002 
990387 
974003 
990388 
974004 
990389 
974005 
990390 
974006 
990391 
974007 
990392 
974008 
990393 
974009 
990394 
974010 
990395 
974011 
990396 
974012 
990397 
974013 
990398 
974014 
990399 
974015 
990400 
974016 
990401 
974017 
990402 
974018 
990403 
974019 
990404 
974020 
990405 
974021 
990406 
974022 
990407 
974023 
990408 
974024 
990409 
974025 
990410 
974026 
990411 
974027 
990412 
974028 
990413 
974029 
990414 
974030 
990415 
974031 
990416 
974032 
990417 
974033 
990418 
974034 
990419 
974035 
990420 
974036 
990421 
974037 
990422 
974038 
990423 
974039 
990424 
974040 
990425 
974041 
990426 
974042 
990427 
974043 
990428 
974044 
990429 
974045 
990430 
974046 
990431 
974047 
990432 
974048 
990433 
974049 
990434 
974050 
990435 
974051 
990436 
974052 
990437 
974053 
990438 
974054 
990439 
974055 
990440 
974056 
990441 
974057 
990442 
974058 
990443 
974059 
990444 
974060 
990445 
974061 
990446 
974062 
990447 
974063 
990448 
974064 
990449 
974065 
990450 
974066 
990451 
974067 
990452 
974068 
990453 
974069 
990454 
974070 
990455 
974071 
990456 
974072 
990457 
974073 
990458 
974074 
990459 
974075 
990460 
974076 
990461 
974077 
990462 
974078 
990463 
974079 
990464 
974080 
990465 
974081 
990466 
974082 
990467 
974083 
990468 
974084 
990469 
974085 
990470 
974086 
990471 
974087 
990472 
974088 
990473 
974089 
990474 
974090 
990475 
974091 
990476 
974092 
990477 
974093 
990478 
974094 
990479 
974095 
990480 
974096 
990481 
974097 
990482 
974098 
990483 
974099 
990484 
974100 
990485 
974101 
990486 
974102 
990487 
974103 
990488 
974104 
990489 
974105 
990490 
974106 
990491 
974107 
990492 
974108 
990493 
974109 
990494 
974110 
990495 
974111 
990496 
974112 
990497 
974113 
990498 
974114 
990499 
974115 
990500 
974116 
990501 
974117 
990502 
974118 
990503 
974119 
990504 
974120 
990505 
974121 
990506 
974122 
990507 
974123 
990508 
974124 
990509 
974125 
990510 
974126 
990511 
974127 
990512 
974128 
990513 
974129 
990514 
974130 
990515 
974131 
990516 
974132 
990517 
974133 
990518 
974134 
990519 
974135 
990520 
974136 
990521 
974137 
990522 
974138 
990523 
974139 
990524 
974140 
990525 
974141 
990526 
974142 
990527 
974143 
990528 
974144 
990529 
974145 
990530 
974146 
990531 
974147 
990532 
974148 
990533 
974149 
990534 
974150 
990535 
974151 
990536 
974152 
990537 
974153 
990538 
974154 
990539 
974155 
990540 
974156 
990541 
974157 
990542 
974158 
990543 
974159 
990544 
974160 
990545 
974161 
990546 
974162 
990547 
974163 
990548 
974164 
990549 
974165 
990550 
974166 
990551 
974167 
990552 
974168 
990553 
974169 
990554 
974170 
990555 
974171 
990556 
974172 
990557 
974173 
990558 
974174 
990559 
974175 
990560 
974176 
990561 
974177 
990562 
974178 
990563 
974179 
990564 
974180 
990565 
974181 
990566 
974182 
990567 
974183 
990568 
974184 
990569 
974185 
990570 
974186 
990571 
974187 
990572 
974188 
990573 
974189 
990574 
974190 
990575 
974191 
990576 
974192 
990577 
974193 
990578 
974194 
990579 
974195 
990580 
974196 
990581 
974197 
990582 
974198 
990583 
974199 
990584 
974200 
990585 
974201 
990586 
974202 
990587 
974203 
990588 
974204 
990589 
974205 
990590 
974206 
990591 
974207 
990592 
974208 
990593 
974209 
990594 
974210 
990595 
974211 
990596 
974212 
990597 
974213 
990598 
974214 
990599 
974215 
990600 
974216 
990601 
974217 
990602 
974218 
990603 
974219 
990604 
974220 
990605 
974221 
990606 
974222 
990607 
974223 
990608 
974224 
990609 
974225 
990610 
974226 
990611 
974227 
990612 
974228 
990613 
974229 
990614 
974230 
990615 
974231 
990616 
974232 
990617 
974233 
990618 
974234 
990619 
974235 
990620 
974236 
990621 
974237 
990622 
974238 
990623 
974239 
990624 
974240 
990625 
974241 
990626 
974242 
990627 
974243 
990628 
974244 
990629 
974245 
990630 
974246 
990631 
974247 
990632 
974248 
990633 
974249 
990634 
974250 
990635 
974251 
990636 
974252 
990637 
974253 
990638 
974254 
990639 
974255 
990640 
974256 
990641 
974257 
990642 
974258 
990643 
974259 
990644 
974260 
990645 
974261 
990646 
974262 
990647 
974263 
990648 
974264 
990649 
974265 
990650 
974266 
990651 
974267 
990652 
974268 
990653 
974269 
990654 
974270 
990655 
974271 
990656 
974272 
990657 
974273 
990658 
974274 
990659 
974275 
990660 
974276 
990661 
974277 
990662 
974278 
990663 
974279 
990664 
974280 
990665 
974281 
990666 
974282 
990667 
974283 
990668 
974284 
990669 
974285 
990670 
974286 
990671 
974287 
990672 
974288 
990673 
974289 
990674 
974290 
990675 
974291 
990676 
974292 
990677 
974293 
990678 
974294 
990679 
974295 
990680 
974296 
990681 
974297 
990682 
974298 
990683 
974299 
990684 
974300 
990685 
974301 
990686 
974302 
990687 
974303 
990688 
974304 
990689 
974305 
990690 
974306 
990691 
974307 
990692 
974308 
990693 
974309 
990694 
974310 
990695 
974311 
990696 
974312 
990697 
974313 
990698 
974314 
990699 
974315 
990700 
974316 
990701 
974317 
990702 
974318 
990703 
974319 
990704 
974320 
990705 
974321 
990706 
974322 
990707 
974323 
990708 
974324 
990709 
974325 
990710 
974326 
990711 
974327 
990712 
974328 
990713 
974329 
990714 
974330 
990715 
974331 
990716 
974332 
990717 
974333 
990718 
974334 
990719 
974335 
990720 
974336 
990721 
974337 
990722 
974338 
990723 
974339 
990724 
974340 
990725 
974341 
990726 
974342 
990727 
974343 
990728 
974344 
990729 
974345 
990730 
974346 
990731 
974347 
990732 
974348 
990733 
974349 
990734 
974350 
990735 
974351 
990736 
974352 
990737 
974353 
990738 
974354 
990739 
974355 
990740 
974356 
990741 
974357 
990742 
974358 
990743 
974359 
990744 
974360 
990745 
974361 
990746 
974362 
990747 
974363 
990748 
974364 
990749 
974365 
990750 
974366 
990751 
974367 
990752 
974368 
990753 
974369 
990754 
974370 
990755 
974371 
990756 
974372 
990757 
974373 
990758 
974374 
990759 
974375 
990760 
974376 
990761 
974377 
990762 
974378 
990763 
974379 
990764 
974380 
990765 
974381 
990766 
974382 
990767 
974383 
990768 
974384 
990769 
974385 
990770 
974386 
990771 
974387 
990772 
974388 
990773 
974389 
990774 
974390 
990775 
974391 
990776 
974392 
990777 
974393 
990778 
974394 
990779 
974395 
990780 
974396 
990781 
974397 
990782 
974398 
990783 
974399 
990784 
974400 
990785 
974401 
990786 
974402 
990787 
974403 
990788 
974404 
990789 
974405 
990790 
974406 
990791 
974407 
990792 
974408 
990793 
974409 
990794 
974410 
990795 
974411 
990796 
974412 
990797 
974413 
990798 
974414 
990799 
974415 
990800 
974416 
990801 
974417 
990802 
974418 
990803 
974419 
990804 
974420 
990805 
974421 
990806 
974422 
990807 
974423 
990808 
974424 
990809 
974425 
990810 
974426 
990811 
974427 
990812 
974428 
990813 
974429 
990814 
974430 
990815 
974431 
990816 
974432 
990817 
974433 
990818 
974434 
990819 
974435 
990820 
974436 
990821 
974437 
990822 
974438 
990823 
974439 
990824 
974440 
990825 
974441 
990826 
974442 
990827 
974443 
990828 
974444 
990829 
974445 
990830 
974446 
990831 
974447 
990832 
974448 
990833 
974449 
990834 
974450 
990835 
974451 
990836 
974452 
990837 
974453 
990838 
974454 
990839 
974455 
990840 
974456 
990841 
974457 
990842 
974458 
990843 
974459 
990844 
974460 
990845 
974461 
990846 
974462 
990847 
974463 
990848 
974464 
990849 
974465 
990850 
974466 
990851 
974467 
990852 
974468 
990853 
974469 
990854 
974470 
990855 
974471 
990856 
974472 
990857 
974473 
990858 
974474 
990859 
974475 
990860 
974476 
990861 
974477 
990862 
974478 
990863 
974479 
990864 
974480 
990865 
974481 
990866 
974482 
990867 
974483 
990868 
974484 
990869 
974485 
990870 
974486 
990871 
974487 
990872 
974488 
990873 
974489 
990874 
974490 
990875 
974491 
990876 
974492 
990877 
974493 
990878 
974494 
990879 
974495 
990880 
974496 
990881 
974497 
990882 
974498 
990883 
974499 
990884 
974500 
990885 
974501 
990886 
974502 
990887 
974503 
990888 
974504 
990889 
974505 
990890 
974506 
990891 
974507 
990892 
974508 
990893 
974509 
990894 
974510 
990895 
974511 
990896 
974512 
990897 
974513 
990898 
974514 
990899 
974515 
990900 
974516 
990901 
974517 
990902 
974518 
990903 
974519 
990904 
974520 
990905 
974521 
990906 
974522 
990907 
974523 
990908 
974524 
990909 
974525 
990910 
974526 
990911 
974527 
990912 
974528 
990913 
974529 
990914 
974530 
990915 
974531 
990916 
974532 
990917 
974533 
990918 
974534 
990919 
974535 
990920 
974536 
990921 
974537 
990922 
974538 
990923 
974539 
990924 
974540 
990925 
974541 
990926 
974542 
990927 
974543 
990928 
974544 
990929 
974545 
990930 
974546 
990931 
974547 
990932 
974548 
990933 
974549 
990934 
974550 
990935 
974551 
990936 
974552 
990937 
974553 
990938 
974554 
990939 
974555 
990940 
974556 
990941 
974557 
990942 
974558 
990943 
974559 
990944 
974560 
990945 
974561 
990946 
974562 
990947 
974563 
990948 
974564 
990949 
974565 
990950 
974566 
990951 
974567 
990952 
974568 
990953 
974569 
990954 
974570 
990955 
974571 
990956 
974572 
990957 
974573 
990958 
974574 
990959 
974575 
990960 
974576 
990961 
974577 
990962 
974578 
990963 
974579 
990964 
974580 
990965 
974581 
990966 
974582 
990967 
974583 
990968 
974584 
990969 
974585 
990970 
974586 
990971 
974587 
990972 
974588 
990973 
974589 
990974 
974590 
990975 
974591 
990976 
974592 
990977 
974593 
990978 
974594 
990979 
974595 
990980 
974596 
990981 
974597 
990982 
974598 
990983 
974599 
990984 
974600 
990985 
974601 
990986 
974602 
990987 
974603 
990988 
974604 
990989 
974605 
990990 
974606 
990991 
974607 
990992 
974608 
990993 
974609 
990994 
974610 
990995 
974611 
990996 
974612 
990997 
974613 
990998 
974614 
990999 
974615 
991000 
974616 
991001 
974617 
991002 
974618 
991003 
974619 
991004 
974620 
991005 
974621 
991006 
974622 
991007 
974623 
991008 
974624 
991009 
974625 
991010 
974626 
991011 
974627 
991012 
974628 
991013 
974629 
991014 
974630 
991015 
974631 
991016 
974632 
991017 
974633 
991018 
974634 
991019 
974635 
991020 
974636 
991021 
974637 
991022 
974638 
991023 
974639 
991024 
974640 
991025 
974641 
991026 
974642 
991027 
974643 
991028 
974644 
991029 
974645 
991030 
974646 
991031 
974647 
991032 
974648 
991033 
974649 
991034 
974650 
991035 
974651 
991036 
974652 
991037 
974653 
991038 
974654 
991039 
974655 
991040 
974656 
991041 
974657 
991042 
974658 
991043 
974659 
991044 
974660 
991045 
974661 
991046 
974662 
991047 
974663 
991048 
974664 
991049 
974665 
991050 
974666 
991051 
974667 
991052 
974668 
991053 
974669 
991054 
974670 
991055 
974671 
991056 
974672 
991057 
974673 
991058 
974674 
991059 
974675 
991060 
974676 
991061 
974677 
991062 
974678 
991063 
974679 
991064 
974680 
991065 
974681 
991066 
974682 
991067 
974683 
991068 
974684 
991069 
974685 
991070 
974686 
991071 
974687 
991072 
974688 
991073 
974689 
991074 
974690 
991075 
974691 
991076 
974692 
991077 
974693 
991078 
974694 
991079 
974695 
991080 
974696 
991081 
974697 
991082 
974698 
991083 
974699 
991084 
974700 
991085 
974701 
991086 
974702 
991087 
974703 
991088 
974704 
991089 
974705 
991090 
974706 
991091 
974707 
991092 
974708 
991093 
974709 
991094 
974710 
991095 
974711 
991096 
974712 
991097 
974713 
991098 
974714 
991099 
974715 
991100 
974716 
991101 
974717 
991102 
974718 
991103 
974719 
991104 
974720 
991105 
974721 
991106 
974722 
991107 
974723 
991108 
974724 
991109 
974725 
991110 
974726 
991111 
974727 
991112 
974728 
991113 
974729 
991114 
974730 
991115 
974731 
991116 
974732 
991117 
974733 
991118 
974734 
991119 
974735 
991120 
974736 
991121 
974737 
991122 
974738 
991123 
974739 
991124 
974740 
991125 
974741 
991126 
974742 
991127 
974743 
991128 
974744 
991129 
974745 
991130 
974746 
991131 
974747 
991132 
974748 
991133 
974749 
991134 
974750 
991135 
974751 
991136 
974752 
991137 
974753 
991138 
974754 
991139 
974755 
991140 
974756 
991141 
974757 
991142 
974758 
991143 
974759 
991144 
974760 
991145 
974761 
991146 
974762 
991147 
974763 
991148 
974764 
991149 
974765 
991150 
974766 
991151 
974767 
991152 
974768 
991153 
974769 
991154 
974770 
991155 
974771 
991156 
974772 
991157 
974773 
991158 
974774 
991159 
974775 
991160 
974776 
991161 
974777 
991162 
974778 
991163 
974779 
991164 
974780 
991165 
974781 
991166 
974782 
991167 
974783 
991168 
974784 
991169 
974785 
991170 
974786 
991171 
974787 
991172 
974788 
991173 
974789 
991174 
974790 
991175 
974791 
991176 
974792 
991177 
974793 
991178 
974794 
991179 
974795 
991180 
974796 
991181 
974797 
991182 
974798 
991183 
974799 
991184 
974800 
991185 
974801 
991186 
974802 
991187 
974803 
991188 
974804 
991189 
974805 
991190 
974806 
991191 
974807 
991192 
974808 
991193 
974809 
991194 
974810 
991195 
974811 
991196 
974812 
991197 
974813 
991198 
974814 
991199 
974815 
991200 
974816 
991201 
974817 
991202 
974818 
991203 
974819 
991204 
974820 
991205 
974821 
991206 
974822 
991207 
974823 
991208 
974824 
991209 
974825 
991210 
974826 
991211 
974827 
991212 
974828 
991213 
974829 
991214 
974830 
991215 
974831 
991216 
974832 
991217 
974833 
991218 
974834 
991219 
974835 
991220 
974836 
991221 
974837 
991222 
974838 
991223 
974839 
991224 
974840 
991225 
974841 
991226 
974842 
991227 
974843 
991228 
974844 
991229 
974845 
991230 
974846 
991231 
974847 
991232 
974848 
991233 
974849 
991234 
974850 
991235 
974851 
991236 
974852 
991237 
974853 
991238 
974854 
991239 
974855 
991240 
974856 
991241 
974857 
991242 
974858 
991243 
974859 
991244 
974860 
991245 
974861 
991246 
974862 
991247 
974863 
991248 
974864 
991249 
974865 
991250 
974866 
991251 
974867 
991252 
974868 
991253 
974869 
991254 
974870 
991255 
974871 
991256 
974872 
991257 
974873 
991258 
974874 
991259 
974875 
991260 
974876 
991261 
974877 
991262 
974878 
991263 
974879 
991264 
974880 
991265 
974881 
991266 
974882 
991267 
974883 
991268 
974884 
991269 
974885 
991270 
974886 
991271 
974887 
991272 
974888 
991273 
974889 
991274 
974890 
991275 
974891 
991276 
974892 
991277 
974893 
991278 
974894 
991279 
974895 
991280 
974896 
991281 
974897 
991282 
974898 
991283 
974899 
991284 
974900 
991285 
974901 
991286 
974902 
991287 
974903 
991288 
974904 
991289 
974905 
991290 
974906 
991291 
974907 
991292 
974908 
991293 
974909 
991294 
974910 
991295 
974911 
991296 
974912 
991297 
974913 
991298 
974914 
991299 
974915 
991300 
974916 
991301 
974917 
991302 
974918 
991303 
974919 
991304 
974920 
991305 
974921 
991306 
974922 
991307 
974923 
991308 
974924 
991309 
974925 
991310 
974926 
991311 
974927 
991312 
974928 
991313 
974929 
991314 
974930 
991315 
974931 
991316 
974932 
991317 
974933 
991318 
974934 
991319 
974935 
991320 
974936 
991321 
974937 
991322 
974938 
991323 
974939 
991324 
974940 
991325 
974941 
991326 
974942 
991327 
974943 
991328 
974944 
991329 
974945 
991330 
974946 
991331 
974947 
991332 
974948 
991333 
974949 
991334 
974950 
991335 
974951 
991336 
974952 
991337 
974953 
991338 
974954 
991339 
974955 
991340 
974956 
991341 
974957 
991342 
974958 
991343 
974959 
991344 
974960 
991345 
974961 
991346 
974962 
991347 
974963 
991348 
974964 
991349 
974965 
991350 
974966 
991351 
974967 
991352 
974968 
991353 
974969 
991354 
974970 
991355 
974971 
991356 
974972 
991357 
974973 
991358 
974974 
991359 
974975 
991360 
974976 
991361 
974977 
991362 
974978 
991363 
974979 
991364 
974980 
991365 
974981 
991366 
974982 
991367 
974983 
991368 
974984 
991369 
974985 
991370 
974986 
991371 
974987 
991372 
974988 
991373 
974989 
991374 
974990 
991375 
974991 
991376 
974992 
991377 
974993 
991378 
974994 
991379 
974995 
991380 
974996 
991381 
974997 
991382 
974998 
991383 
974999 
991384 
975000 
991385 
975001 
991386 
975002 
991387 
975003 
991388 
975004 
991389 
975005 
991390 
975006 
991391 
975007 
991392 
975008 
991393 
975009 
991394 
975010 
991395 
975011 
991396 
975012 
991397 
975013 
991398 
975014 
991399 
975015 
991400 
975016 
991401 
975017 
991402 
975018 
991403 
975019 
991404 
975020 
991405 
975021 
991406 
975022 
991407 
975023 
991408 
975024 
991409 
975025 
991410 
975026 
991411 
975027 
991412 
975028 
991413 
975029 
991414 
975030 
991415 
975031 
991416 
975032 
991417 
975033 
991418 
975034 
991419 
975035 
991420 
975036 
991421 
975037 
991422 
975038 
991423 
975039 
991424 
975040 
991425 
975041 
991426 
975042 
991427 
975043 
991428 
975044 
991429 
975045 
991430 
975046 
991431 
975047 
991432 
975048 
991433 
975049 
991434 
975050 
991435 
975051 
991436 
975052 
991437 
975053 
991438 
975054 
991439 
975055 
991440 
975056 
991441 
975057 
991442 
975058 
991443 
975059 
991444 
975060 
991445 
975061 
991446 
975062 
991447 
975063 
991448 
975064 
991449 
975065 
991450 
975066 
991451 
975067 
991452 
975068 
991453 
975069 
991454 
975070 
991455 
975071 
991456 
975072 
991457 
975073 
991458 
975074 
991459 
975075 
991460 
975076 
991461 
975077 
991462 
975078 
991463 
975079 
991464 
975080 
991465 
975081 
991466 
975082 
991467 
975083 
991468 
975084 
991469 
975085 
991470 
975086 
991471 
975087 
991472 
975088 
991473 
975089 
991474 
975090 
991475 
975091 
991476 
975092 
991477 
975093 
991478 
975094 
991479 
975095 
991480 
975096 
991481 
975097 
991482 
975098 
991483 
975099 
991484 
975100 
991485 
975101 
991486 
975102 
991487 
975103 
991488 
975104 
991489 
975105 
991490 
975106 
991491 
975107 
991492 
975108 
991493 
975109 
991494 
975110 
991495 
975111 
991496 
975112 
991497 
975113 
991498 
975114 
991499 
975115 
991500 
975116 
991501 
975117 
991502 
975118 
991503 
975119 
991504 
975120 
991505 
975121 
991506 
975122 
991507 
975123 
991508 
975124 
991509 
975125 
991510 
975126 
991511 
975127 
991512 
975128 
991513 
975129 
991514 
975130 
991515 
975131 
991516 
975132 
991517 
975133 
991518 
975134 
991519 
975135 
991520 
975136 
991521 
975137 
991522 
975138 
991523 
975139 
991524 
975140 
991525 
975141 
991526 
975142 
991527 
975143 
991528 
975144 
991529 
975145 
991530 
975146 
991531 
975147 
991532 
975148 
991533 
975149 
991534 
975150 
991535 
975151 
991536 
975152 
991537 
975153 
991538 
975154 
991539 
975155 
991540 
975156 
991541 
975157 
991542 
975158 
991543 
975159 
991544 
975160 
991545 
975161 
991546 
975162 
991547 
975163 
991548 
975164 
991549 
975165 
991550 
975166 
991551 
975167 
991552 
975168 
991553 
975169 
991554 
975170 
991555 
975171 
991556 
975172 
991557 
975173 
991558 
975174 
991559 
975175 
991560 
975176 
991561 
975177 
991562 
975178 
991563 
975179 
991564 
975180 
991565 
975181 
991566 
975182 
991567 
975183 
991568 
975184 
991569 
975185 
991570 
975186 
991571 
975187 
991572 
975188 
991573 
975189 
991574 
975190 
991575 
975191 
991576 
975192 
991577 
975193 
991578 
975194 
991579 
975195 
991580 
975196 
991581 
975197 
991582 
975198 
991583 
975199 
991584 
975200 
991585 
975201 
991586 
975202 
991587 
975203 
991588 
975204 
991589 
975205 
991590 
975206 
991591 
975207 
991592 
975208 
991593 
975209 
991594 
975210 
991595 
975211 
991596 
975212 
991597 
975213 
991598 
975214 
991599 
975215 
991600 
975216 
991601 
975217 
991602 
975218 
991603 
975219 
991604 
975220 
991605 
975221 
991606 
975222 
991607 
975223 
991608 
975224 
991609 
975225 
991610 
975226 
991611 
975227 
991612 
975228 
991613 
975229 
991614 
975230 
991615 
975231 
991616 
975232 
991617 
975233 
991618 
975234 
991619 
975235 
991620 
975236 
991621 
975237 
991622 
975238 
991623 
975239 
991624 
975240 
991625 
975241 
991626 
975242 
991627 
975243 
991628 
975244 
991629 
975245 
991630 
975246 
991631 
975247 
991632 
975248 
991633 
975249 
991634 
975250 
991635 
975251 
991636 
975252 
991637 
975253 
991638 
975254 
991639 
975255 
991640 
975256 
991641 
975257 
991642 
975258 
991643 
975259 
991644 
975260 
991645 
975261 
991646 
975262 
991647 
975263 
991648 
975264 
991649 
975265 
991650 
975266 
991651 
975267 
991652 
975268 
991653 
975269 
991654 
975270 
991655 
975271 
991656 
975272 
991657 
975273 
991658 
975274 
991659 
975275 
991660 
975276 
991661 
975277 
991662 
975278 
991663 
975279 
991664 
975280 
991665 
975281 
991666 
975282 
991667 
975283 
991668 
975284 
991669 
975285 
991670 
975286 
991671 
975287 
991672 
975288 
991673 
975289 
991674 
975290 
991675 
975291 
991676 
975292 
991677 
975293 
991678 
975294 
991679 
975295 
991680 
975296 
991681 
975297 
991682 
975298 
991683 
975299 
991684 
975300 
991685 
975301 
991686 
975302 
991687 
975303 
991688 
975304 
991689 
975305 
991690 
975306 
991691 
975307 
991692 
975308 
991693 
975309 
991694 
975310 
991695 
975311 
991696 
975312 
991697 
975313 
991698 
975314 
991699 
975315 
991700 
975316 
991701 
975317 
991702 
975318 
991703 
975319 
991704 
975320 
991705 
975321 
991706 
975322 
991707 
975323 
991708 
975324 
991709 
975325 
991710 
975326 
991711 
975327 
991712 
975328 
991713 
975329 
991714 
975330 
991715 
975331 
991716 
975332 
991717 
975333 
991718 
975334 
991719 
975335 
991720 
975336 
991721 
975337 
991722 
975338 
991723 
975339 
991724 
975340 
991725 
975341 
991726 
975342 
991727 
975343 
991728 
975344 
991729 
975345 
991730 
975346 
991731 
975347 
991732 
975348 
991733 
975349 
991734 
975350 
991735 
975351 
991736 
975352 
991737 
975353 
991738 
975354 
991739 
975355 
991740 
975356 
991741 
975357 
991742 
975358 
991743 
975359 
991744 
975360 
991745 
975361 
991746 
975362 
991747 
975363 
991748 
975364 
991749 
975365 
991750 
975366 
991751 
975367 
991752 
975368 
991753 
975369 
991754 
975370 
991755 
975371 
991756 
975372 
991757 
975373 
991758 
975374 
991759 
975375 
991760 
975376 
991761 
975377 
991762 
975378 
991763 
975379 
991764 
975380 
991765 
975381 
991766 
975382 
991767 
975383 
991768 
975384 
991769 
975385 
991770 
975386 
991771 
975387 
991772 
975388 
991773 
975389 
991774 
975390 
991775 
975391 
991776 
975392 
991777 
975393 
991778 
975394 
991779 
975395 
991780 
975396 
991781 
975397 
991782 
975398 
991783 
975399 
991784 
975400 
991785 
975401 
991786 
975402 
991787 
975403 
991788 
975404 
991789 
975405 
991790 
975406 
991791 
975407 
991792 
975408 
991793 
975409 
991794 
975410 
991795 
975411 
991796 
975412 
991797 
975413 
991798 
975414 
991799 
975415 
991800 
975416 
991801 
975417 
991802 
975418 
991803 
975419 
991804 
975420 
991805 
975421 
991806 
975422 
991807 
975423 
991808 
975424 
991809 
975425 
991810 
975426 
991811 
975427 
991812 
975428 
991813 
975429 
991814 
975430 
991815 
975431 
991816 
975432 
991817 
975433 
991818 
975434 
991819 
975435 
991820 
975436 
991821 
975437 
991822 
975438 
991823 
975439 
991824 
975440 
991825 
975441 
991826 
975442 
991827 
975443 
991828 
975444 
991829 
975445 
991830 
975446 
991831 
975447 
991832 
975448 
991833 
975449 
991834 
975450 
991835 
975451 
991836 
975452 
991837 
975453 
991838 
975454 
991839 
975455 
991840 
975456 
991841 
975457 
991842 
975458 
991843 
975459 
991844 
975460 
991845 
975461 
991846 
975462 
991847 
975463 
991848 
975464 
991849 
975465 
991850 
975466 
991851 
975467 
991852 
975468 
991853 
975469 
991854 
975470 
991855 
975471 
991856 
975472 
991857 
975473 
991858 
975474 
991859 
975475 
991860 
975476 
991861 
975477 
991862 
975478 
991863 
975479 
991864 
975480 
991865 
975481 
991866 
975482 
991867 
975483 
991868 
975484 
991869 
975485 
991870 
975486 
991871 
975487 
991872 
975488 
991873 
975489 
991874 
975490 
991875 
975491 
991876 
975492 
991877 
975493 
991878 
975494 
991879 
975495 
991880 
975496 
991881 
975497 
991882 
975498 
991883 
975499 
991884 
975500 
991885 
975501 
991886 
975502 
991887 
975503 
991888 
975504 
991889 
975505 
991890 
975506 
991891 
975507 
991892 
975508 
991893 
975509 
991894 
975510 
991895 
975511 
991896 
975512 
991897 
975513 
991898 
975514 
991899 
975515 
991900 
975516 
991901 
975517 
991902 
975518 
991903 
975519 
991904 
975520 
991905 
975521 
991906 
975522 
991907 
975523 
991908 
975524 
991909 
975525 
991910 
975526 
991911 
975527 
991912 
975528 
991913 
975529 
991914 
975530 
991915 
975531 
991916 
975532 
991917 
975533 
991918 
975534 
991919 
975535 
991920 
975536 
991921 
975537 
991922 
975538 
991923 
975539 
991924 
975540 
991925 
975541 
991926 
975542 
991927 
975543 
991928 
975544 
991929 
975545 
991930 
975546 
991931 
975547 
991932 
975548 
991933 
975549 
991934 
975550 
991935 
975551 
991936 
975552 
991937 
975553 
991938 
975554 
991939 
975555 
991940 
975556 
991941 
975557 
991942 
975558 
991943 
975559 
991944 
975560 
991945 
975561 
991946 
975562 
991947 
975563 
991948 
975564 
991949 
975565 
991950 
975566 
991951 
975567 
991952 
975568 
991953 
975569 
991954 
975570 
991955 
975571 
991956 
975572 
991957 
975573 
991958 
975574 
991959 
975575 
991960 
975576 
991961 
975577 
991962 
975578 
991963 
975579 
991964 
975580 
991965 
975581 
991966 
975582 
991967 
975583 
991968 
975584 
991969 
975585 
991970 
975586 
991971 
975587 
991972 
975588 
991973 
975589 
991974 
975590 
991975 
975591 
991976 
975592 
991977 
975593 
991978 
975594 
991979 
975595 
991980 
975596 
991981 
975597 
991982 
975598 
991983 
975599 
991984 
991985 
991986 
991987 
991988 
991989 
991990 
991991 
991992 
991993 
991994 
991995 
991996 
991997 
991998 
991999 
959600 
959601 
959602 
959603 
959604 
959605 
959606 
959607 
959608 
959609 
959610 
959611 
959612 
959613 
959614 
959615 
976000 
959616 
976001 
959617 
976002 
959618 
976003 
959619 
976004 
959620 
976005 
959621 
976006 
959622 
976007 
959623 
976008 
959624 
976009 
959625 
976010 
959626 
976011 
959627 
976012 
959628 
976013 
959629 
976014 
959630 
976015 
959631 
976016 
959632 
976017 
959633 
976018 
959634 
976019 
959635 
976020 
959636 
976021 
959637 
976022 
959638 
976023 
959639 
976024 
959640 
976025 
959641 
976026 
959642 
976027 
959643 
976028 
959644 
976029 
959645 
976030 
959646 
976031 
959647 
976032 
959648 
976033 
959649 
976034 
959650 
976035 
959651 
976036 
959652 
976037 
959653 
976038 
959654 
976039 
959655 
976040 
959656 
976041 
959657 
976042 
959658 
976043 
959659 
976044 
959660 
976045 
959661 
976046 
959662 
976047 
959663 
976048 
959664 
976049 
959665 
976050 
959666 
976051 
959667 
976052 
959668 
976053 
959669 
976054 
959670 
976055 
959671 
976056 
959672 
976057 
959673 
976058 
959674 
976059 
959675 
976060 
959676 
976061 
959677 
976062 
959678 
976063 
959679 
976064 
959680 
976065 
959681 
976066 
959682 
976067 
959683 
976068 
959684 
976069 
959685 
976070 
959686 
976071 
959687 
976072 
959688 
976073 
959689 
976074 
959690 
976075 
959691 
976076 
959692 
976077 
959693 
976078 
959694 
976079 
959695 
976080 
959696 
976081 
959697 
976082 
959698 
976083 
959699 
976084 
959700 
976085 
959701 
976086 
959702 
976087 
959703 
976088 
959704 
976089 
959705 
976090 
959706 
976091 
959707 
976092 
959708 
976093 
959709 
976094 
959710 
976095 
959711 
976096 
959712 
976097 
959713 
976098 
959714 
976099 
959715 
976100 
959716 
976101 
959717 
976102 
959718 
976103 
959719 
976104 
959720 
976105 
959721 
976106 
959722 
976107 
959723 
976108 
959724 
976109 
959725 
976110 
959726 
976111 
959727 
976112 
959728 
976113 
959729 
976114 
959730 
976115 
959731 
976116 
959732 
976117 
959733 
976118 
959734 
976119 
959735 
976120 
959736 
976121 
959737 
976122 
959738 
976123 
959739 
976124 
959740 
976125 
959741 
976126 
959742 
976127 
959743 
976128 
959744 
976129 
959745 
976130 
959746 
976131 
959747 
976132 
959748 
976133 
959749 
976134 
959750 
976135 
959751 
976136 
959752 
976137 
959753 
976138 
959754 
976139 
959755 
976140 
959756 
976141 
959757 
976142 
959758 
976143 
959759 
976144 
959760 
976145 
959761 
976146 
959762 
976147 
959763 
976148 
959764 
976149 
959765 
976150 
959766 
976151 
959767 
976152 
959768 
976153 
959769 
976154 
959770 
976155 
959771 
976156 
959772 
976157 
959773 
976158 
959774 
976159 
959775 
976160 
959776 
976161 
959777 
976162 
959778 
976163 
959779 
976164 
959780 
976165 
959781 
976166 
959782 
976167 
959783 
976168 
959784 
976169 
959785 
976170 
959786 
976171 
959787 
976172 
959788 
976173 
959789 
976174 
959790 
976175 
959791 
976176 
959792 
976177 
959793 
976178 
959794 
976179 
959795 
976180 
959796 
976181 
959797 
976182 
959798 
976183 
959799 
976184 
959800 
976185 
959801 
976186 
959802 
976187 
959803 
976188 
959804 
976189 
959805 
976190 
959806 
976191 
959807 
976192 
959808 
976193 
959809 
976194 
959810 
976195 
959811 
976196 
959812 
976197 
959813 
976198 
959814 
976199 
959815 
976200 
959816 
976201 
959817 
976202 
959818 
976203 
959819 
976204 
959820 
976205 
959821 
976206 
959822 
976207 
959823 
976208 
959824 
976209 
959825 
976210 
959826 
976211 
959827 
976212 
959828 
976213 
959829 
976214 
959830 
976215 
959831 
976216 
959832 
976217 
959833 
976218 
959834 
976219 
959835 
976220 
959836 
976221 
959837 
976222 
959838 
976223 
959839 
976224 
959840 
976225 
959841 
976226 
959842 
976227 
959843 
976228 
959844 
976229 
959845 
976230 
959846 
976231 
959847 
976232 
959848 
976233 
959849 
976234 
959850 
976235 
959851 
976236 
959852 
976237 
959853 
976238 
959854 
976239 
959855 
976240 
959856 
976241 
959857 
976242 
959858 
976243 
959859 
976244 
959860 
976245 
959861 
976246 
959862 
976247 
959863 
976248 
959864 
976249 
959865 
976250 
959866 
976251 
959867 
976252 
959868 
976253 
959869 
976254 
959870 
976255 
959871 
976256 
959872 
976257 
959873 
976258 
959874 
976259 
959875 
976260 
959876 
976261 
959877 
976262 
959878 
976263 
959879 
976264 
959880 
976265 
959881 
976266 
959882 
976267 
959883 
976268 
959884 
976269 
959885 
976270 
959886 
976271 
959887 
976272 
959888 
976273 
959889 
976274 
959890 
976275 
959891 
976276 
959892 
976277 
959893 
976278 
959894 
976279 
959895 
976280 
959896 
976281 
959897 
976282 
959898 
976283 
959899 
976284 
959900 
976285 
959901 
976286 
959902 
976287 
959903 
976288 
959904 
976289 
959905 
976290 
959906 
976291 
959907 
976292 
959908 
976293 
959909 
976294 
959910 
976295 
959911 
976296 
959912 
976297 
959913 
976298 
959914 
976299 
959915 
976300 
959916 
976301 
959917 
976302 
959918 
976303 
959919 
976304 
959920 
976305 
959921 
976306 
959922 
976307 
959923 
976308 
959924 
976309 
959925 
976310 
959926 
976311 
959927 
976312 
959928 
976313 
959929 
976314 
959930 
976315 
959931 
976316 
959932 
976317 
959933 
976318 
959934 
976319 
959935 
976320 
959936 
976321 
959937 
976322 
959938 
976323 
959939 
976324 
959940 
976325 
959941 
976326 
959942 
976327 
959943 
976328 
959944 
976329 
959945 
976330 
959946 
976331 
959947 
976332 
959948 
976333 
959949 
976334 
959950 
976335 
959951 
976336 
959952 
976337 
959953 
976338 
959954 
976339 
959955 
976340 
959956 
976341 
959957 
976342 
959958 
976343 
959959 
976344 
959960 
976345 
959961 
976346 
959962 
976347 
959963 
976348 
959964 
976349 
959965 
976350 
959966 
976351 
959967 
976352 
959968 
976353 
959969 
976354 
959970 
976355 
959971 
976356 
959972 
976357 
959973 
976358 
959974 
976359 
959975 
976360 
959976 
976361 
959977 
976362 
959978 
976363 
959979 
976364 
959980 
976365 
959981 
976366 
959982 
976367 
959983 
976368 
959984 
976369 
959985 
976370 
959986 
976371 
959987 
976372 
959988 
976373 
959989 
976374 
959990 
976375 
959991 
976376 
959992 
976377 
959993 
976378 
959994 
976379 
959995 
976380 
959996 
976381 
959997 
976382 
959998 
976383 
959999 
976384 
960000 
976385 
960001 
976386 
960002 
976387 
960003 
976388 
960004 
976389 
960005 
976390 
960006 
976391 
960007 
976392 
960008 
976393 
960009 
976394 
960010 
976395 
960011 
976396 
960012 
976397 
960013 
976398 
960014 
976399 
960015 
976400 
960016 
976401 
960017 
976402 
960018 
976403 
960019 
976404 
960020 
976405 
960021 
976406 
960022 
976407 
960023 
976408 
960024 
976409 
960025 
976410 
960026 
976411 
960027 
976412 
960028 
976413 
960029 
976414 
960030 
976415 
960031 
976416 
960032 
976417 
960033 
976418 
960034 
976419 
960035 
976420 
960036 
976421 
960037 
976422 
960038 
976423 
960039 
976424 
960040 
976425 
960041 
976426 
960042 
976427 
960043 
976428 
960044 
976429 
960045 
976430 
960046 
976431 
960047 
976432 
960048 
976433 
960049 
976434 
960050 
976435 
960051 
976436 
960052 
976437 
960053 
976438 
960054 
976439 
960055 
976440 
960056 
976441 
960057 
976442 
960058 
976443 
960059 
976444 
960060 
976445 
960061 
976446 
960062 
976447 
960063 
976448 
960064 
976449 
960065 
976450 
960066 
976451 
960067 
976452 
960068 
976453 
960069 
976454 
960070 
976455 
960071 
976456 
960072 
976457 
960073 
976458 
960074 
976459 
960075 
976460 
960076 
976461 
960077 
976462 
960078 
976463 
960079 
976464 
960080 
976465 
960081 
976466 
960082 
976467 
960083 
976468 
960084 
976469 
960085 
976470 
960086 
976471 
960087 
976472 
960088 
976473 
960089 
976474 
960090 
976475 
960091 
976476 
960092 
976477 
960093 
976478 
960094 
976479 
960095 
976480 
960096 
976481 
960097 
976482 
960098 
976483 
960099 
976484 
960100 
976485 
960101 
976486 
960102 
976487 
960103 
976488 
960104 
976489 
960105 
976490 
960106 
976491 
960107 
976492 
960108 
976493 
960109 
976494 
960110 
976495 
960111 
976496 
960112 
976497 
960113 
976498 
960114 
976499 
960115 
976500 
960116 
976501 
960117 
976502 
960118 
976503 
960119 
976504 
960120 
976505 
960121 
976506 
960122 
976507 
960123 
976508 
960124 
976509 
960125 
976510 
960126 
976511 
960127 
976512 
960128 
976513 
960129 
976514 
960130 
976515 
960131 
976516 
960132 
976517 
960133 
976518 
960134 
976519 
960135 
976520 
960136 
976521 
960137 
976522 
960138 
976523 
960139 
976524 
960140 
976525 
960141 
976526 
960142 
976527 
960143 
976528 
960144 
976529 
960145 
976530 
960146 
976531 
960147 
976532 
960148 
976533 
960149 
976534 
960150 
976535 
960151 
976536 
960152 
976537 
960153 
976538 
960154 
976539 
960155 
976540 
960156 
976541 
960157 
976542 
960158 
976543 
960159 
976544 
960160 
976545 
960161 
976546 
960162 
976547 
960163 
976548 
960164 
976549 
960165 
976550 
960166 
976551 
960167 
976552 
960168 
976553 
960169 
976554 
960170 
976555 
960171 
976556 
960172 
976557 
960173 
976558 
960174 
976559 
960175 
976560 
960176 
976561 
960177 
976562 
960178 
976563 
960179 
976564 
960180 
976565 
960181 
976566 
960182 
976567 
960183 
976568 
960184 
976569 
960185 
976570 
960186 
976571 
960187 
976572 
960188 
976573 
960189 
976574 
960190 
976575 
960191 
976576 
960192 
976577 
960193 
976578 
960194 
976579 
960195 
976580 
960196 
976581 
960197 
976582 
960198 
976583 
960199 
976584 
960200 
976585 
960201 
976586 
960202 
976587 
960203 
976588 
960204 
976589 
960205 
976590 
960206 
976591 
960207 
976592 
960208 
976593 
960209 
976594 
960210 
976595 
960211 
976596 
960212 
976597 
960213 
976598 
960214 
976599 
960215 
976600 
960216 
976601 
960217 
976602 
960218 
976603 
960219 
976604 
960220 
976605 
960221 
976606 
960222 
976607 
960223 
976608 
960224 
976609 
960225 
976610 
960226 
976611 
960227 
976612 
960228 
976613 
960229 
976614 
960230 
976615 
960231 
976616 
960232 
976617 
960233 
976618 
960234 
976619 
960235 
976620 
960236 
976621 
960237 
976622 
960238 
976623 
960239 
976624 
960240 
976625 
960241 
976626 
960242 
976627 
960243 
976628 
960244 
976629 
960245 
976630 
960246 
976631 
960247 
976632 
960248 
976633 
960249 
976634 
960250 
976635 
960251 
976636 
960252 
976637 
960253 
976638 
960254 
976639 
960255 
976640 
960256 
976641 
960257 
976642 
960258 
976643 
960259 
976644 
960260 
976645 
960261 
976646 
960262 
976647 
960263 
976648 
960264 
976649 
960265 
976650 
960266 
976651 
960267 
976652 
960268 
976653 
960269 
976654 
960270 
976655 
960271 
976656 
960272 
976657 
960273 
976658 
960274 
976659 
960275 
976660 
960276 
976661 
960277 
976662 
960278 
976663 
960279 
976664 
960280 
976665 
960281 
976666 
960282 
976667 
960283 
976668 
960284 
976669 
960285 
976670 
960286 
976671 
960287 
976672 
960288 
976673 
960289 
976674 
960290 
976675 
960291 
976676 
960292 
976677 
960293 
976678 
960294 
976679 
960295 
976680 
960296 
976681 
960297 
976682 
960298 
976683 
960299 
976684 
960300 
976685 
960301 
976686 
960302 
976687 
960303 
976688 
960304 
976689 
960305 
976690 
960306 
976691 
960307 
976692 
960308 
976693 
960309 
976694 
960310 
976695 
960311 
976696 
960312 
976697 
960313 
976698 
960314 
976699 
960315 
976700 
960316 
976701 
960317 
976702 
960318 
976703 
960319 
976704 
960320 
976705 
960321 
976706 
960322 
976707 
960323 
976708 
960324 
976709 
960325 
976710 
960326 
976711 
960327 
976712 
960328 
976713 
960329 
976714 
960330 
976715 
960331 
976716 
960332 
976717 
960333 
976718 
960334 
976719 
960335 
976720 
960336 
976721 
960337 
976722 
960338 
976723 
960339 
976724 
960340 
976725 
960341 
976726 
960342 
976727 
960343 
976728 
960344 
976729 
960345 
976730 
960346 
976731 
960347 
976732 
960348 
976733 
960349 
976734 
960350 
976735 
960351 
976736 
960352 
976737 
960353 
976738 
960354 
976739 
960355 
976740 
960356 
976741 
960357 
976742 
960358 
976743 
960359 
976744 
960360 
976745 
960361 
976746 
960362 
976747 
960363 
976748 
960364 
976749 
960365 
976750 
960366 
976751 
960367 
976752 
960368 
976753 
960369 
976754 
960370 
976755 
960371 
976756 
960372 
976757 
960373 
976758 
960374 
976759 
960375 
976760 
960376 
976761 
960377 
976762 
960378 
976763 
960379 
976764 
960380 
976765 
960381 
976766 
960382 
976767 
960383 
976768 
960384 
976769 
960385 
976770 
960386 
976771 
960387 
976772 
960388 
976773 
960389 
976774 
960390 
976775 
960391 
976776 
960392 
976777 
960393 
976778 
960394 
976779 
960395 
976780 
960396 
976781 
960397 
976782 
960398 
976783 
960399 
976784 
960400 
976785 
960401 
976786 
960402 
976787 
960403 
976788 
960404 
976789 
960405 
976790 
960406 
976791 
960407 
976792 
960408 
976793 
960409 
976794 
960410 
976795 
960411 
976796 
960412 
976797 
960413 
976798 
960414 
976799 
960415 
976800 
960416 
976801 
960417 
976802 
960418 
976803 
960419 
976804 
960420 
976805 
960421 
976806 
960422 
976807 
960423 
976808 
960424 
976809 
960425 
976810 
960426 
976811 
960427 
976812 
960428 
976813 
960429 
976814 
960430 
976815 
960431 
976816 
960432 
976817 
960433 
976818 
960434 
976819 
960435 
976820 
960436 
976821 
960437 
976822 
960438 
976823 
960439 
976824 
960440 
976825 
960441 
976826 
960442 
976827 
960443 
976828 
960444 
976829 
960445 
976830 
960446 
976831 
960447 
976832 
960448 
976833 
960449 
976834 
960450 
976835 
960451 
976836 
960452 
976837 
960453 
976838 
960454 
976839 
960455 
976840 
960456 
976841 
960457 
976842 
960458 
976843 
960459 
976844 
960460 
976845 
960461 
976846 
960462 
976847 
960463 
976848 
960464 
976849 
960465 
976850 
960466 
976851 
960467 
976852 
960468 
976853 
960469 
976854 
960470 
976855 
960471 
976856 
960472 
976857 
960473 
976858 
960474 
976859 
960475 
976860 
960476 
976861 
960477 
976862 
960478 
976863 
960479 
976864 
960480 
976865 
960481 
976866 
960482 
976867 
960483 
976868 
960484 
976869 
960485 
976870 
960486 
976871 
960487 
976872 
960488 
976873 
960489 
976874 
960490 
976875 
960491 
976876 
960492 
976877 
960493 
976878 
960494 
976879 
960495 
976880 
960496 
976881 
960497 
976882 
960498 
976883 
960499 
976884 
960500 
976885 
960501 
976886 
960502 
976887 
960503 
976888 
960504 
976889 
960505 
976890 
960506 
976891 
960507 
976892 
960508 
976893 
960509 
976894 
960510 
976895 
960511 
976896 
960512 
976897 
960513 
976898 
960514 
976899 
960515 
976900 
960516 
976901 
960517 
976902 
960518 
976903 
960519 
976904 
960520 
976905 
960521 
976906 
960522 
976907 
960523 
976908 
960524 
976909 
960525 
976910 
960526 
976911 
960527 
976912 
960528 
976913 
960529 
976914 
960530 
976915 
960531 
976916 
960532 
976917 
960533 
976918 
960534 
976919 
960535 
976920 
960536 
976921 
960537 
976922 
960538 
976923 
960539 
976924 
960540 
976925 
960541 
976926 
960542 
976927 
960543 
976928 
960544 
976929 
960545 
976930 
960546 
976931 
960547 
976932 
960548 
976933 
960549 
976934 
960550 
976935 
960551 
976936 
960552 
976937 
960553 
976938 
960554 
976939 
960555 
976940 
960556 
976941 
960557 
976942 
960558 
976943 
960559 
976944 
960560 
976945 
960561 
976946 
960562 
976947 
960563 
976948 
960564 
976949 
960565 
976950 
960566 
976951 
960567 
976952 
960568 
976953 
960569 
976954 
960570 
976955 
960571 
976956 
960572 
976957 
960573 
976958 
960574 
976959 
960575 
976960 
960576 
976961 
960577 
976962 
960578 
976963 
960579 
976964 
960580 
976965 
960581 
976966 
960582 
976967 
960583 
976968 
960584 
976969 
960585 
976970 
960586 
976971 
960587 
976972 
960588 
976973 
960589 
976974 
960590 
976975 
960591 
976976 
960592 
976977 
960593 
976978 
960594 
976979 
960595 
976980 
960596 
976981 
960597 
976982 
960598 
976983 
960599 
976984 
960600 
976985 
960601 
976986 
960602 
976987 
960603 
976988 
960604 
976989 
960605 
976990 
960606 
976991 
960607 
976992 
960608 
976993 
960609 
976994 
960610 
976995 
960611 
976996 
960612 
976997 
960613 
976998 
960614 
976999 
960615 
977000 
960616 
977001 
960617 
977002 
960618 
977003 
960619 
977004 
960620 
977005 
960621 
977006 
960622 
977007 
960623 
977008 
960624 
977009 
960625 
977010 
960626 
977011 
960627 
977012 
960628 
977013 
960629 
977014 
960630 
977015 
960631 
977016 
960632 
977017 
960633 
977018 
960634 
977019 
960635 
977020 
960636 
977021 
960637 
977022 
960638 
977023 
960639 
977024 
960640 
977025 
960641 
977026 
960642 
977027 
960643 
977028 
960644 
977029 
960645 
977030 
960646 
977031 
960647 
977032 
960648 
977033 
960649 
977034 
960650 
977035 
960651 
977036 
960652 
977037 
960653 
977038 
960654 
977039 
960655 
977040 
960656 
977041 
960657 
977042 
960658 
977043 
960659 
977044 
960660 
977045 
960661 
977046 
960662 
977047 
960663 
977048 
960664 
977049 
960665 
977050 
960666 
977051 
960667 
977052 
960668 
977053 
960669 
977054 
960670 
977055 
960671 
977056 
960672 
977057 
960673 
977058 
960674 
977059 
960675 
977060 
960676 
977061 
960677 
977062 
960678 
977063 
960679 
977064 
960680 
977065 
960681 
977066 
960682 
977067 
960683 
977068 
960684 
977069 
960685 
977070 
960686 
977071 
960687 
977072 
960688 
977073 
960689 
977074 
960690 
977075 
960691 
977076 
960692 
977077 
960693 
977078 
960694 
977079 
960695 
977080 
960696 
977081 
960697 
977082 
960698 
977083 
960699 
977084 
960700 
977085 
960701 
977086 
960702 
977087 
960703 
977088 
960704 
977089 
960705 
977090 
960706 
977091 
960707 
977092 
960708 
977093 
960709 
977094 
960710 
977095 
960711 
977096 
960712 
977097 
960713 
977098 
960714 
977099 
960715 
977100 
960716 
977101 
960717 
977102 
960718 
977103 
960719 
977104 
960720 
977105 
960721 
977106 
960722 
977107 
960723 
977108 
960724 
977109 
960725 
977110 
960726 
977111 
960727 
977112 
960728 
977113 
960729 
977114 
960730 
977115 
960731 
977116 
960732 
977117 
960733 
977118 
960734 
977119 
960735 
977120 
960736 
977121 
960737 
977122 
960738 
977123 
960739 
977124 
960740 
977125 
960741 
977126 
960742 
977127 
960743 
977128 
960744 
977129 
960745 
977130 
960746 
977131 
960747 
977132 
960748 
977133 
960749 
977134 
960750 
977135 
960751 
977136 
960752 
977137 
960753 
977138 
960754 
977139 
960755 
977140 
960756 
977141 
960757 
977142 
960758 
977143 
960759 
977144 
960760 
977145 
960761 
977146 
960762 
977147 
960763 
977148 
960764 
977149 
960765 
977150 
960766 
977151 
960767 
977152 
960768 
977153 
960769 
977154 
960770 
977155 
960771 
977156 
960772 
977157 
960773 
977158 
960774 
977159 
960775 
977160 
960776 
977161 
960777 
977162 
960778 
977163 
960779 
977164 
960780 
977165 
960781 
977166 
960782 
977167 
960783 
977168 
960784 
977169 
960785 
977170 
960786 
977171 
960787 
977172 
960788 
977173 
960789 
977174 
960790 
977175 
960791 
977176 
960792 
977177 
960793 
977178 
960794 
977179 
960795 
977180 
960796 
977181 
960797 
977182 
960798 
977183 
960799 
977184 
960800 
977185 
960801 
977186 
960802 
977187 
960803 
977188 
960804 
977189 
960805 
977190 
960806 
977191 
960807 
977192 
960808 
977193 
960809 
977194 
960810 
977195 
960811 
977196 
960812 
977197 
960813 
977198 
960814 
977199 
960815 
977200 
960816 
977201 
960817 
977202 
960818 
977203 
960819 
977204 
960820 
977205 
960821 
977206 
960822 
977207 
960823 
977208 
960824 
977209 
960825 
977210 
960826 
977211 
960827 
977212 
960828 
977213 
960829 
977214 
960830 
977215 
960831 
977216 
960832 
977217 
960833 
977218 
960834 
977219 
960835 
977220 
960836 
977221 
960837 
977222 
960838 
977223 
960839 
977224 
960840 
977225 
960841 
977226 
960842 
977227 
960843 
977228 
960844 
977229 
960845 
977230 
960846 
977231 
960847 
977232 
960848 
977233 
960849 
977234 
960850 
977235 
960851 
977236 
960852 
977237 
960853 
977238 
960854 
977239 
960855 
977240 
960856 
977241 
960857 
977242 
960858 
977243 
960859 
977244 
960860 
977245 
960861 
977246 
960862 
977247 
960863 
977248 
960864 
977249 
960865 
977250 
960866 
977251 
960867 
977252 
960868 
977253 
960869 
977254 
960870 
977255 
960871 
977256 
960872 
977257 
960873 
977258 
960874 
977259 
960875 
977260 
960876 
977261 
960877 
977262 
960878 
977263 
960879 
977264 
960880 
977265 
960881 
977266 
960882 
977267 
960883 
977268 
960884 
977269 
960885 
977270 
960886 
977271 
960887 
977272 
960888 
977273 
960889 
977274 
960890 
977275 
960891 
977276 
960892 
977277 
960893 
977278 
960894 
977279 
960895 
977280 
960896 
977281 
960897 
977282 
960898 
977283 
960899 
977284 
960900 
977285 
960901 
977286 
960902 
977287 
960903 
977288 
960904 
977289 
960905 
977290 
960906 
977291 
960907 
977292 
960908 
977293 
960909 
977294 
960910 
977295 
960911 
977296 
960912 
977297 
960913 
977298 
960914 
977299 
960915 
977300 
960916 
977301 
960917 
977302 
960918 
977303 
960919 
977304 
960920 
977305 
960921 
977306 
960922 
977307 
960923 
977308 
960924 
977309 
960925 
977310 
960926 
977311 
960927 
977312 
960928 
977313 
960929 
977314 
960930 
977315 
960931 
977316 
960932 
977317 
960933 
977318 
960934 
977319 
960935 
977320 
960936 
977321 
960937 
977322 
960938 
977323 
960939 
977324 
960940 
977325 
960941 
977326 
960942 
977327 
960943 
977328 
960944 
977329 
960945 
977330 
960946 
977331 
960947 
977332 
960948 
977333 
960949 
977334 
960950 
977335 
960951 
977336 
960952 
977337 
960953 
977338 
960954 
977339 
960955 
977340 
960956 
977341 
960957 
977342 
960958 
977343 
960959 
977344 
960960 
977345 
960961 
977346 
960962 
977347 
960963 
977348 
960964 
977349 
960965 
977350 
960966 
977351 
960967 
977352 
960968 
977353 
960969 
977354 
960970 
977355 
960971 
977356 
960972 
977357 
960973 
977358 
960974 
977359 
960975 
977360 
960976 
977361 
960977 
977362 
960978 
977363 
960979 
977364 
960980 
977365 
960981 
977366 
960982 
977367 
960983 
977368 
960984 
977369 
960985 
977370 
960986 
977371 
960987 
977372 
960988 
977373 
960989 
977374 
960990 
977375 
960991 
977376 
960992 
977377 
960993 
977378 
960994 
977379 
960995 
977380 
960996 
977381 
960997 
977382 
960998 
977383 
960999 
977384 
961000 
977385 
961001 
977386 
961002 
977387 
961003 
977388 
961004 
977389 
961005 
977390 
961006 
977391 
961007 
977392 
961008 
977393 
961009 
977394 
961010 
977395 
961011 
977396 
961012 
977397 
961013 
977398 
961014 
977399 
961015 
977400 
961016 
977401 
961017 
977402 
961018 
977403 
961019 
977404 
961020 
977405 
961021 
977406 
961022 
977407 
961023 
977408 
961024 
977409 
961025 
977410 
961026 
977411 
961027 
977412 
961028 
977413 
961029 
977414 
961030 
977415 
961031 
977416 
961032 
977417 
961033 
977418 
961034 
977419 
961035 
977420 
961036 
977421 
961037 
977422 
961038 
977423 
961039 
977424 
961040 
977425 
961041 
977426 
961042 
977427 
961043 
977428 
961044 
977429 
961045 
977430 
961046 
977431 
961047 
977432 
961048 
977433 
961049 
977434 
961050 
977435 
961051 
977436 
961052 
977437 
961053 
977438 
961054 
977439 
961055 
977440 
961056 
977441 
961057 
977442 
961058 
977443 
961059 
977444 
961060 
977445 
961061 
977446 
961062 
977447 
961063 
977448 
961064 
977449 
961065 
977450 
961066 
977451 
961067 
977452 
961068 
977453 
961069 
977454 
961070 
977455 
961071 
977456 
961072 
977457 
961073 
977458 
961074 
977459 
961075 
977460 
961076 
977461 
961077 
977462 
961078 
977463 
961079 
977464 
961080 
977465 
961081 
977466 
961082 
977467 
961083 
977468 
961084 
977469 
961085 
977470 
961086 
977471 
961087 
977472 
961088 
977473 
961089 
977474 
961090 
977475 
961091 
977476 
961092 
977477 
961093 
977478 
961094 
977479 
961095 
977480 
961096 
977481 
961097 
977482 
961098 
977483 
961099 
977484 
961100 
977485 
961101 
977486 
961102 
977487 
961103 
977488 
961104 
977489 
961105 
977490 
961106 
977491 
961107 
977492 
961108 
977493 
961109 
977494 
961110 
977495 
961111 
977496 
961112 
977497 
961113 
977498 
961114 
977499 
961115 
977500 
961116 
977501 
961117 
977502 
961118 
977503 
961119 
977504 
961120 
977505 
961121 
977506 
961122 
977507 
961123 
977508 
961124 
977509 
961125 
977510 
961126 
977511 
961127 
977512 
961128 
977513 
961129 
977514 
961130 
977515 
961131 
977516 
961132 
977517 
961133 
977518 
961134 
977519 
961135 
977520 
961136 
977521 
961137 
977522 
961138 
977523 
961139 
977524 
961140 
977525 
961141 
977526 
961142 
977527 
961143 
977528 
961144 
977529 
961145 
977530 
961146 
977531 
961147 
977532 
961148 
977533 
961149 
977534 
961150 
977535 
961151 
977536 
961152 
977537 
961153 
977538 
961154 
977539 
961155 
977540 
961156 
977541 
961157 
977542 
961158 
977543 
961159 
977544 
961160 
977545 
961161 
977546 
961162 
977547 
961163 
977548 
961164 
977549 
961165 
977550 
961166 
977551 
961167 
977552 
961168 
977553 
961169 
977554 
961170 
977555 
961171 
977556 
961172 
977557 
961173 
977558 
961174 
977559 
961175 
977560 
961176 
977561 
961177 
977562 
961178 
977563 
961179 
977564 
961180 
977565 
961181 
977566 
961182 
977567 
961183 
977568 
961184 
977569 
961185 
977570 
961186 
977571 
961187 
977572 
961188 
977573 
961189 
977574 
961190 
977575 
961191 
977576 
961192 
977577 
961193 
977578 
961194 
977579 
961195 
977580 
961196 
977581 
961197 
977582 
961198 
977583 
961199 
977584 
961200 
977585 
961201 
977586 
961202 
977587 
961203 
977588 
961204 
977589 
961205 
977590 
961206 
977591 
961207 
977592 
961208 
977593 
961209 
977594 
961210 
977595 
961211 
977596 
961212 
977597 
961213 
977598 
961214 
977599 
961215 
977600 
961216 
977601 
961217 
977602 
961218 
977603 
961219 
977604 
961220 
977605 
961221 
977606 
961222 
977607 
961223 
977608 
961224 
977609 
961225 
977610 
961226 
977611 
961227 
977612 
961228 
977613 
961229 
977614 
961230 
977615 
961231 
977616 
961232 
977617 
961233 
977618 
961234 
977619 
961235 
977620 
961236 
977621 
961237 
977622 
961238 
977623 
961239 
977624 
961240 
977625 
961241 
977626 
961242 
977627 
961243 
977628 
961244 
977629 
961245 
977630 
961246 
977631 
961247 
977632 
961248 
977633 
961249 
977634 
961250 
977635 
961251 
977636 
961252 
977637 
961253 
977638 
961254 
977639 
961255 
977640 
961256 
977641 
961257 
977642 
961258 
977643 
961259 
977644 
961260 
977645 
961261 
977646 
961262 
977647 
961263 
977648 
961264 
977649 
961265 
977650 
961266 
977651 
961267 
977652 
961268 
977653 
961269 
977654 
961270 
977655 
961271 
977656 
961272 
977657 
961273 
977658 
961274 
977659 
961275 
977660 
961276 
977661 
961277 
977662 
961278 
977663 
961279 
977664 
961280 
977665 
961281 
977666 
961282 
977667 
961283 
977668 
961284 
977669 
961285 
977670 
961286 
977671 
961287 
977672 
961288 
977673 
961289 
977674 
961290 
977675 
961291 
977676 
961292 
977677 
961293 
977678 
961294 
977679 
961295 
977680 
961296 
977681 
961297 
977682 
961298 
977683 
961299 
977684 
961300 
977685 
961301 
977686 
961302 
977687 
961303 
977688 
961304 
977689 
961305 
977690 
961306 
977691 
961307 
977692 
961308 
977693 
961309 
977694 
961310 
977695 
961311 
977696 
961312 
977697 
961313 
977698 
961314 
977699 
961315 
977700 
961316 
977701 
961317 
977702 
961318 
977703 
961319 
977704 
961320 
977705 
961321 
977706 
961322 
977707 
961323 
977708 
961324 
977709 
961325 
977710 
961326 
977711 
961327 
977712 
961328 
977713 
961329 
977714 
961330 
977715 
961331 
977716 
961332 
977717 
961333 
977718 
961334 
977719 
961335 
977720 
961336 
977721 
961337 
977722 
961338 
977723 
961339 
977724 
961340 
977725 
961341 
977726 
961342 
977727 
961343 
977728 
961344 
977729 
961345 
977730 
961346 
977731 
961347 
977732 
961348 
977733 
961349 
977734 
961350 
977735 
961351 
977736 
961352 
977737 
961353 
977738 
961354 
977739 
961355 
977740 
961356 
977741 
961357 
977742 
961358 
977743 
961359 
977744 
961360 
977745 
961361 
977746 
961362 
977747 
961363 
977748 
961364 
977749 
961365 
977750 
961366 
977751 
961367 
977752 
961368 
977753 
961369 
977754 
961370 
977755 
961371 
977756 
961372 
977757 
961373 
977758 
961374 
977759 
961375 
977760 
961376 
977761 
961377 
977762 
961378 
977763 
961379 
977764 
961380 
977765 
961381 
977766 
961382 
977767 
961383 
977768 
961384 
977769 
961385 
977770 
961386 
977771 
961387 
977772 
961388 
977773 
961389 
977774 
961390 
977775 
961391 
977776 
961392 
977777 
961393 
977778 
961394 
977779 
961395 
977780 
961396 
977781 
961397 
977782 
961398 
977783 
961399 
977784 
961400 
977785 
961401 
977786 
961402 
977787 
961403 
977788 
961404 
977789 
961405 
977790 
961406 
977791 
961407 
977792 
961408 
977793 
961409 
977794 
961410 
977795 
961411 
977796 
961412 
977797 
961413 
977798 
961414 
977799 
961415 
977800 
961416 
977801 
961417 
977802 
961418 
977803 
961419 
977804 
961420 
977805 
961421 
977806 
961422 
977807 
961423 
977808 
961424 
977809 
961425 
977810 
961426 
977811 
961427 
977812 
961428 
977813 
961429 
977814 
961430 
977815 
961431 
977816 
961432 
977817 
961433 
977818 
961434 
977819 
961435 
977820 
961436 
977821 
961437 
977822 
961438 
977823 
961439 
977824 
961440 
977825 
961441 
977826 
961442 
977827 
961443 
977828 
961444 
977829 
961445 
977830 
961446 
977831 
961447 
977832 
961448 
977833 
961449 
977834 
961450 
977835 
961451 
977836 
961452 
977837 
961453 
977838 
961454 
977839 
961455 
977840 
961456 
977841 
961457 
977842 
961458 
977843 
961459 
977844 
961460 
977845 
961461 
977846 
961462 
977847 
961463 
977848 
961464 
977849 
961465 
977850 
961466 
977851 
961467 
977852 
961468 
977853 
961469 
977854 
961470 
977855 
961471 
977856 
961472 
977857 
961473 
977858 
961474 
977859 
961475 
977860 
961476 
977861 
961477 
977862 
961478 
977863 
961479 
977864 
961480 
977865 
961481 
977866 
961482 
977867 
961483 
977868 
961484 
977869 
961485 
977870 
961486 
977871 
961487 
977872 
961488 
977873 
961489 
977874 
961490 
977875 
961491 
977876 
961492 
977877 
961493 
977878 
961494 
977879 
961495 
977880 
961496 
977881 
961497 
977882 
961498 
977883 
961499 
977884 
961500 
977885 
961501 
977886 
961502 
977887 
961503 
977888 
961504 
977889 
961505 
977890 
961506 
977891 
961507 
977892 
961508 
977893 
961509 
977894 
961510 
977895 
961511 
977896 
961512 
977897 
961513 
977898 
961514 
977899 
961515 
977900 
961516 
977901 
961517 
977902 
961518 
977903 
961519 
977904 
961520 
977905 
961521 
977906 
961522 
977907 
961523 
977908 
961524 
977909 
961525 
977910 
961526 
977911 
961527 
977912 
961528 
977913 
961529 
977914 
961530 
977915 
961531 
977916 
961532 
977917 
961533 
977918 
961534 
977919 
961535 
977920 
961536 
977921 
961537 
977922 
961538 
977923 
961539 
977924 
961540 
977925 
961541 
977926 
961542 
977927 
961543 
977928 
961544 
977929 
961545 
977930 
961546 
977931 
961547 
977932 
961548 
977933 
961549 
977934 
961550 
977935 
961551 
977936 
961552 
977937 
961553 
977938 
961554 
977939 
961555 
977940 
961556 
977941 
961557 
977942 
961558 
977943 
961559 
977944 
961560 
977945 
961561 
977946 
961562 
977947 
961563 
977948 
961564 
977949 
961565 
977950 
961566 
977951 
961567 
977952 
961568 
977953 
961569 
977954 
961570 
977955 
961571 
977956 
961572 
977957 
961573 
977958 
961574 
977959 
961575 
977960 
961576 
977961 
961577 
977962 
961578 
977963 
961579 
977964 
961580 
977965 
961581 
977966 
961582 
977967 
961583 
977968 
961584 
977969 
961585 
977970 
961586 
977971 
961587 
977972 
961588 
977973 
961589 
977974 
961590 
977975 
961591 
977976 
961592 
977977 
961593 
977978 
961594 
977979 
961595 
977980 
961596 
977981 
961597 
977982 
961598 
977983 
961599 
977984 
961600 
977985 
961601 
977986 
961602 
977987 
961603 
977988 
961604 
977989 
961605 
977990 
961606 
977991 
961607 
977992 
961608 
977993 
961609 
977994 
961610 
977995 
961611 
977996 
961612 
977997 
961613 
977998 
961614 
977999 
961615 
978000 
961616 
978001 
961617 
978002 
961618 
978003 
961619 
978004 
961620 
978005 
961621 
978006 
961622 
978007 
961623 
978008 
961624 
978009 
961625 
978010 
961626 
978011 
961627 
978012 
961628 
978013 
961629 
978014 
961630 
978015 
961631 
978016 
961632 
978017 
961633 
978018 
961634 
978019 
961635 
978020 
961636 
978021 
961637 
978022 
961638 
978023 
961639 
978024 
961640 
978025 
961641 
978026 
961642 
978027 
961643 
978028 
961644 
978029 
961645 
978030 
961646 
978031 
961647 
978032 
961648 
978033 
961649 
978034 
961650 
978035 
961651 
978036 
961652 
978037 
961653 
978038 
961654 
978039 
961655 
978040 
961656 
978041 
961657 
978042 
961658 
978043 
961659 
978044 
961660 
978045 
961661 
978046 
961662 
978047 
961663 
978048 
961664 
978049 
961665 
978050 
961666 
978051 
961667 
978052 
961668 
978053 
961669 
978054 
961670 
978055 
961671 
978056 
961672 
978057 
961673 
978058 
961674 
978059 
961675 
978060 
961676 
978061 
961677 
978062 
961678 
978063 
961679 
978064 
961680 
978065 
961681 
978066 
961682 
978067 
961683 
978068 
961684 
978069 
961685 
978070 
961686 
978071 
961687 
978072 
961688 
978073 
961689 
978074 
961690 
978075 
961691 
978076 
961692 
978077 
961693 
978078 
961694 
978079 
961695 
978080 
961696 
978081 
961697 
978082 
961698 
978083 
961699 
978084 
961700 
978085 
961701 
978086 
961702 
978087 
961703 
978088 
961704 
978089 
961705 
978090 
961706 
978091 
961707 
978092 
961708 
978093 
961709 
978094 
961710 
978095 
961711 
978096 
961712 
978097 
961713 
978098 
961714 
978099 
961715 
978100 
961716 
978101 
961717 
978102 
961718 
978103 
961719 
978104 
961720 
978105 
961721 
978106 
961722 
978107 
961723 
978108 
961724 
978109 
961725 
978110 
961726 
978111 
961727 
978112 
961728 
978113 
961729 
978114 
961730 
978115 
961731 
978116 
961732 
978117 
961733 
978118 
961734 
978119 
961735 
978120 
961736 
978121 
961737 
978122 
961738 
978123 
961739 
978124 
961740 
978125 
961741 
978126 
961742 
978127 
961743 
978128 
961744 
978129 
961745 
978130 
961746 
978131 
961747 
978132 
961748 
978133 
961749 
978134 
961750 
978135 
961751 
978136 
961752 
978137 
961753 
978138 
961754 
978139 
961755 
978140 
961756 
978141 
961757 
978142 
961758 
978143 
961759 
978144 
961760 
978145 
961761 
978146 
961762 
978147 
961763 
978148 
961764 
978149 
961765 
978150 
961766 
978151 
961767 
978152 
961768 
978153 
961769 
978154 
961770 
978155 
961771 
978156 
961772 
978157 
961773 
978158 
961774 
978159 
961775 
978160 
961776 
978161 
961777 
978162 
961778 
978163 
961779 
978164 
961780 
978165 
961781 
978166 
961782 
978167 
961783 
978168 
961784 
978169 
961785 
978170 
961786 
978171 
961787 
978172 
961788 
978173 
961789 
978174 
961790 
978175 
961791 
978176 
961792 
978177 
961793 
978178 
961794 
978179 
961795 
978180 
961796 
978181 
961797 
978182 
961798 
978183 
961799 
978184 
961800 
978185 
961801 
978186 
961802 
978187 
961803 
978188 
961804 
978189 
961805 
978190 
961806 
978191 
961807 
978192 
961808 
978193 
961809 
978194 
961810 
978195 
961811 
978196 
961812 
978197 
961813 
978198 
961814 
978199 
961815 
978200 
961816 
978201 
961817 
978202 
961818 
978203 
961819 
978204 
961820 
978205 
961821 
978206 
961822 
978207 
961823 
978208 
961824 
978209 
961825 
978210 
961826 
978211 
961827 
978212 
961828 
978213 
961829 
978214 
961830 
978215 
961831 
978216 
961832 
978217 
961833 
978218 
961834 
978219 
961835 
978220 
961836 
978221 
961837 
978222 
961838 
978223 
961839 
978224 
961840 
978225 
961841 
978226 
961842 
978227 
961843 
978228 
961844 
978229 
961845 
978230 
961846 
978231 
961847 
978232 
961848 
978233 
961849 
978234 
961850 
978235 
961851 
978236 
961852 
978237 
961853 
978238 
961854 
978239 
961855 
978240 
961856 
978241 
961857 
978242 
961858 
978243 
961859 
978244 
961860 
978245 
961861 
978246 
961862 
978247 
961863 
978248 
961864 
978249 
961865 
978250 
961866 
978251 
961867 
978252 
961868 
978253 
961869 
978254 
961870 
978255 
961871 
978256 
961872 
978257 
961873 
978258 
961874 
978259 
961875 
978260 
961876 
978261 
961877 
978262 
961878 
978263 
961879 
978264 
961880 
978265 
961881 
978266 
961882 
978267 
961883 
978268 
961884 
978269 
961885 
978270 
961886 
978271 
961887 
978272 
961888 
978273 
961889 
978274 
961890 
978275 
961891 
978276 
961892 
978277 
961893 
978278 
961894 
978279 
961895 
978280 
961896 
978281 
961897 
978282 
961898 
978283 
961899 
978284 
961900 
978285 
961901 
978286 
961902 
978287 
961903 
978288 
961904 
978289 
961905 
978290 
961906 
978291 
961907 
978292 
961908 
978293 
961909 
978294 
961910 
978295 
961911 
978296 
961912 
978297 
961913 
978298 
961914 
978299 
961915 
978300 
961916 
978301 
961917 
978302 
961918 
978303 
961919 
978304 
961920 
978305 
961921 
978306 
961922 
978307 
961923 
978308 
961924 
978309 
961925 
978310 
961926 
978311 
961927 
978312 
961928 
978313 
961929 
978314 
961930 
978315 
961931 
978316 
961932 
978317 
961933 
978318 
961934 
978319 
961935 
978320 
961936 
978321 
961937 
978322 
961938 
978323 
961939 
978324 
961940 
978325 
961941 
978326 
961942 
978327 
961943 
978328 
961944 
978329 
961945 
978330 
961946 
978331 
961947 
978332 
961948 
978333 
961949 
978334 
961950 
978335 
961951 
978336 
961952 
978337 
961953 
978338 
961954 
978339 
961955 
978340 
961956 
978341 
961957 
978342 
961958 
978343 
961959 
978344 
961960 
978345 
961961 
978346 
961962 
978347 
961963 
978348 
961964 
978349 
961965 
978350 
961966 
978351 
961967 
978352 
961968 
978353 
961969 
978354 
961970 
978355 
961971 
978356 
961972 
978357 
961973 
978358 
961974 
978359 
961975 
978360 
961976 
978361 
961977 
978362 
961978 
978363 
961979 
978364 
961980 
978365 
961981 
978366 
961982 
978367 
961983 
978368 
961984 
978369 
961985 
978370 
961986 
978371 
961987 
978372 
961988 
978373 
961989 
978374 
961990 
978375 
961991 
978376 
961992 
978377 
961993 
978378 
961994 
978379 
961995 
978380 
961996 
978381 
961997 
978382 
961998 
978383 
961999 
978384 
962000 
978385 
962001 
978386 
962002 
978387 
962003 
978388 
962004 
978389 
962005 
978390 
962006 
978391 
962007 
978392 
962008 
978393 
962009 
978394 
962010 
978395 
962011 
978396 
962012 
978397 
962013 
978398 
962014 
978399 
962015 
978400 
962016 
978401 
962017 
978402 
962018 
978403 
962019 
978404 
962020 
978405 
962021 
978406 
962022 
978407 
962023 
978408 
962024 
978409 
962025 
978410 
962026 
978411 
962027 
978412 
962028 
978413 
962029 
978414 
962030 
978415 
962031 
978416 
962032 
978417 
962033 
978418 
962034 
978419 
962035 
978420 
962036 
978421 
962037 
978422 
962038 
978423 
962039 
978424 
962040 
978425 
962041 
978426 
962042 
978427 
962043 
978428 
962044 
978429 
962045 
978430 
962046 
978431 
962047 
978432 
962048 
978433 
962049 
978434 
962050 
978435 
962051 
978436 
962052 
978437 
962053 
978438 
962054 
978439 
962055 
978440 
962056 
978441 
962057 
978442 
962058 
978443 
962059 
978444 
962060 
978445 
962061 
978446 
962062 
978447 
962063 
978448 
962064 
978449 
962065 
978450 
962066 
978451 
962067 
978452 
962068 
978453 
962069 
978454 
962070 
978455 
962071 
978456 
962072 
978457 
962073 
978458 
962074 
978459 
962075 
978460 
962076 
978461 
962077 
978462 
962078 
978463 
962079 
978464 
978465 
978466 
978467 
978468 
978469 
978470 
978471 
978472 
978473 
978474 
978475 
978476 
978477 
978478 
978479 
)

// ************************************************************************* //
