/*--------------------------------*- C++ -*----------------------------------*\
  =========                 |
  \\      /  F ield         | OpenFOAM: The Open Source CFD Toolbox
   \\    /   O peration     | Website:  https://openfoam.org
    \\  /    A nd           | Version:  11
     \\/     M anipulation  |
\*---------------------------------------------------------------------------*/
FoamFile
{
    format      ascii;
    class       faceSet;
    location    "constant/polyMesh/sets";
    object      nonOrthoFaces;
}
// * * * * * * * * * * * * * * * * * * * * * * * * * * * * * * * * * * * * * //


2156
(
126976 
131073 
122882 
131074 
122883 
135174 
135176 
122889 
114701 
118805 
118806 
118807 
131097 
135196 
135203 
118824 
118825 
118826 
118829 
135214 
118832 
110644 
122932 
135222 
135223 
110649 
122938 
110651 
122945 
122946 
131141 
135238 
131142 
110663 
131143 
118856 
131145 
122958 
135252 
135253 
114773 
118869 
114774 
118870 
135255 
122969 
114778 
122970 
131163 
118880 
118881 
131169 
118882 
127074 
114787 
127075 
127076 
135278 
114802 
135284 
127095 
127096 
118905 
131193 
135293 
135294 
118911 
127110 
127111 
127112 
118921 
118922 
118923 
110733 
110735 
135312 
110736 
118928 
127120 
127122 
118931 
131219 
135321 
127131 
123036 
123037 
135327 
135332 
135334 
118950 
135339 
110767 
114864 
131250 
123059 
131251 
123060 
131252 
110774 
110777 
118969 
118970 
131261 
135361 
135362 
123078 
114887 
123079 
114888 
135371 
135372 
123084 
131279 
131280 
131282 
131283 
123092 
135381 
131285 
114904 
114905 
135390 
110814 
127198 
135391 
135393 
119011 
119012 
127205 
119015 
119016 
119017 
135402 
119021 
135406 
110830 
114928 
135411 
131315 
135415 
131320 
131321 
119034 
135428 
135429 
123141 
135430 
131334 
131341 
135442 
131346 
123157 
123158 
110878 
110879 
131361 
110882 
119074 
131362 
131363 
110884 
131365 
123174 
135463 
123175 
135464 
127273 
127274 
131373 
131375 
127283 
119092 
119093 
135481 
135483 
135485 
135486 
119103 
131391 
131392 
135495 
127309 
115022 
115023 
115024 
119120 
123217 
110931 
119134 
123230 
123231 
123232 
131424 
110945 
110946 
135526 
110950 
115047 
110952 
127336 
123245 
123246 
119156 
127355 
110972 
110973 
119166 
127363 
127364 
127367 
119180 
131469 
110990 
131471 
123282 
123284 
119193 
135578 
115098 
115099 
119195 
115100 
135581 
135582 
135584 
123297 
127393 
135591 
111026 
127411 
111028 
127412 
111029 
115125 
135606 
115126 
119226 
135614 
115146 
115147 
123340 
127437 
115150 
123342 
127438 
115151 
127441 
131537 
127442 
135635 
115155 
127446 
123352 
127448 
131549 
131550 
127457 
111074 
119266 
123364 
119269 
119274 
111083 
119275 
111084 
119276 
131568 
119282 
131570 
111091 
119283 
123381 
115195 
123388 
123389 
123401 
119308 
119310 
131599 
119312 
119313 
119315 
111124 
123413 
111126 
111127 
119319 
115224 
119320 
119321 
115226 
119322 
111131 
115227 
119323 
119324 
111139 
111144 
111146 
123437 
123438 
135727 
111151 
119343 
111152 
111153 
111154 
115254 
123449 
131645 
131646 
131648 
111169 
131649 
111170 
131650 
111171 
123459 
123462 
127561 
123466 
119373 
131665 
111186 
119378 
131666 
111187 
119379 
111188 
119381 
115286 
119382 
131671 
115288 
131672 
131673 
119397 
119398 
115307 
115308 
119408 
135797 
127607 
127608 
115321 
127610 
135803 
115329 
119427 
115333 
119430 
123526 
123527 
111240 
127625 
123530 
127626 
123531 
131725 
123537 
123538 
123540 
127638 
115353 
131738 
135835 
131740 
111265 
123553 
131745 
123555 
123558 
131764 
119482 
111294 
119486 
119487 
119488 
131778 
115405 
111310 
115406 
111312 
115409 
127699 
135907 
135909 
115429 
131814 
135914 
135915 
135917 
127725 
127726 
119535 
127727 
111344 
131826 
131827 
119540 
123638 
123639 
131833 
119545 
131838 
115458 
115459 
135940 
111364 
111365 
111366 
131849 
123658 
127756 
127758 
131857 
135954 
131858 
135955 
115478 
131863 
115479 
131864 
111386 
131870 
111397 
119589 
131879 
123689 
135980 
119596 
131887 
131888 
131902 
131903 
131908 
115532 
115534 
123739 
111459 
111460 
111461 
115564 
115566 
119664 
119665 
136050 
136051 
111479 
111480 
119672 
123769 
131962 
136059 
131963 
115581 
115582 
136065 
131973 
131974 
131975 
131976 
131978 
115594 
115595 
123787 
123788 
115597 
136079 
111504 
136081 
115606 
111511 
115607 
119703 
111513 
115609 
136101 
132005 
132006 
119719 
136105 
132010 
136108 
132012 
136109 
123823 
111536 
111537 
119733 
136120 
119738 
127930 
136123 
119740 
111551 
119762 
119764 
119767 
119768 
119775 
136160 
132064 
136161 
132065 
115682 
115684 
127972 
136170 
127978 
115691 
127979 
115694 
123886 
123887 
119792 
136179 
119798 
136185 
132090 
123898 
127994 
123899 
136188 
111612 
123900 
111614 
136196 
132101 
136199 
136200 
128008 
115721 
128009 
115722 
128014 
119823 
119824 
119825 
132116 
136213 
136214 
123930 
119835 
132125 
119837 
128029 
132126 
119838 
136223 
136224 
123936 
123937 
132134 
132135 
119851 
119852 
119853 
128049 
136246 
136250 
111676 
111679 
119879 
111689 
132171 
128075 
115788 
115789 
123981 
111696 
128089 
111709 
111710 
111711 
128097 
119912 
136297 
111728 
111729 
111730 
128116 
128127 
111744 
128129 
132227 
132228 
136331 
136332 
136334 
124048 
136337 
136338 
111763 
111764 
136343 
136354 
136356 
111780 
119973 
119974 
128167 
128168 
119977 
119978 
119979 
119983 
128176 
136371 
136372 
115894 
119990 
136375 
115895 
128183 
136376 
128184 
115897 
136379 
136380 
119999 
136384 
120000 
136389 
111814 
111815 
136393 
111819 
120013 
132303 
128208 
128209 
128211 
128213 
132310 
120023 
128217 
132314 
124122 
128219 
111836 
128220 
132318 
124127 
132322 
111845 
115941 
120037 
124133 
111846 
120038 
120039 
128234 
115947 
120043 
120045 
115952 
115954 
124152 
124153 
132346 
136450 
132354 
120066 
132355 
120067 
128262 
128264 
136460 
120076 
136461 
120080 
120081 
111890 
111892 
136474 
136475 
136476 
136478 
124194 
124195 
124197 
111910 
111911 
111912 
136490 
111917 
111918 
124209 
132402 
124222 
111935 
124223 
124224 
136515 
124228 
111943 
136522 
124235 
116044 
116045 
136526 
128334 
128335 
136533 
120149 
124245 
136536 
116056 
136537 
136544 
128354 
124263 
136552 
132457 
132458 
111980 
120172 
120173 
111982 
111983 
120175 
136562 
136563 
136564 
136566 
128375 
132475 
120187 
120188 
111998 
136580 
128388 
136581 
128390 
128392 
128397 
136590 
116118 
112024 
116120 
132505 
116121 
124313 
124314 
116123 
136604 
128412 
136607 
136610 
132514 
124323 
136617 
132523 
136621 
120237 
120238 
124344 
136633 
124345 
116161 
128450 
132547 
116163 
132548 
116164 
132549 
136646 
116166 
116167 
124360 
124361 
116171 
120269 
124369 
136658 
136659 
132565 
136666 
112094 
112095 
112096 
136679 
112105 
136685 
128495 
124400 
112120 
112121 
132602 
136700 
112124 
136702 
120323 
112137 
112142 
120335 
120336 
116242 
132627 
116243 
132628 
116254 
120350 
116256 
136741 
132648 
136745 
136746 
112172 
112173 
136750 
124463 
120369 
124466 
112184 
136765 
136767 
136768 
112193 
132675 
132676 
136773 
136774 
128582 
128583 
132680 
136780 
128589 
128590 
124500 
136790 
112216 
124504 
128600 
112217 
136794 
124506 
132700 
132701 
120416 
120417 
136802 
120419 
124515 
128614 
120426 
136814 
120431 
124527 
124528 
124529 
120436 
120438 
112247 
120439 
120440 
112250 
132738 
136836 
120454 
124550 
120455 
120459 
128652 
120463 
120464 
136849 
112273 
112274 
136852 
120468 
136853 
132768 
128675 
120490 
136876 
112303 
112304 
124593 
124595 
124596 
120508 
120516 
112331 
136909 
124624 
132819 
124630 
136925 
136928 
136931 
132835 
136932 
112358 
112359 
136938 
136939 
112364 
132846 
132847 
112367 
116463 
112368 
136945 
132849 
136946 
132850 
124659 
136948 
124662 
136952 
120568 
136953 
120569 
136955 
132859 
132860 
112381 
112382 
112383 
112385 
116481 
136962 
116482 
112387 
112389 
136967 
124681 
124682 
124685 
124686 
120592 
136978 
120594 
116501 
120600 
112409 
120601 
112410 
120602 
124701 
124702 
136995 
136996 
136997 
136998 
137001 
137010 
137011 
132915 
112439 
112440 
112454 
137032 
112457 
137034 
137036 
112466 
124754 
124755 
120670 
132960 
124769 
132962 
137059 
116579 
116580 
116583 
132971 
128876 
128877 
128879 
112496 
112498 
112507 
112511 
124799 
137089 
137096 
137097 
116618 
124810 
116620 
116621 
116625 
116626 
133011 
112531 
116637 
137118 
120738 
120739 
137127 
124839 
124840 
112553 
116649 
112555 
137135 
133039 
133040 
124850 
137140 
137141 
133045 
137142 
133046 
116666 
124858 
133052 
112572 
112574 
112576 
137154 
137155 
128963 
120773 
112582 
112583 
137160 
137162 
133067 
112589 
133070 
112590 
116686 
120783 
137168 
124881 
124882 
137171 
128986 
124891 
128987 
124892 
124893 
137184 
137186 
137189 
124901 
137190 
137191 
124913 
112626 
112629 
112631 
116727 
133117 
108541 
112637 
108542 
112638 
112639 
137217 
129025 
116741 
108553 
108554 
116746 
124940 
129036 
137229 
133133 
124942 
108566 
112664 
112665 
112666 
137246 
133153 
116775 
133164 
112684 
108589 
112685 
137262 
112686 
120880 
129072 
137265 
108593 
108594 
129074 
137269 
112696 
137273 
133178 
137276 
133180 
137277 
129086 
108607 
116803 
116805 
137289 
112716 
116813 
112718 
112719 
137296 
125008 
133201 
112721 
125009 
133202 
112723 
137307 
112731 
108637 
120925 
108640 
137317 
125029 
125030 
108653 
120945 
129139 
129140 
129141 
133239 
112760 
125048 
137337 
112761 
112762 
125050 
108667 
112763 
108668 
133245 
108670 
108672 
129152 
129153 
129154 
129155 
108678 
108679 
112775 
125063 
108680 
137353 
137355 
129167 
108688 
133265 
112785 
137363 
112790 
129174 
112791 
125079 
129175 
108696 
125080 
108697 
137371 
112795 
129183 
108704 
129184 
137378 
116898 
120997 
129190 
125095 
129195 
137389 
137391 
137392 
125109 
125110 
125112 
129213 
108734 
133311 
108739 
108741 
137414 
108742 
125126 
125127 
108744 
137418 
108746 
137421 
108749 
137422 
108750 
125134 
137423 
108751 
125136 
125137 
116949 
137431 
108760 
112861 
112862 
137440 
112864 
121056 
137444 
129252 
137449 
133353 
137451 
108780 
137453 
112878 
112879 
137456 
137457 
121073 
121074 
137459 
133365 
129270 
116988 
137469 
125181 
137471 
112895 
121088 
133390 
133391 
121104 
121105 
133394 
125203 
112916 
108821 
112917 
112918 
112920 
137501 
137502 
108832 
133414 
133418 
112942 
108847 
112944 
137523 
133427 
108851 
137527 
137528 
125242 
125243 
112956 
108863 
117055 
125247 
117057 
133442 
137541 
137543 
112973 
117072 
117073 
108882 
108883 
129363 
108884 
117078 
117079 
133465 
129369 
133466 
125276 
137570 
117091 
129380 
112998 
108910 
117102 
108911 
133493 
137597 
137598 
108926 
137599 
108928 
108930 
117123 
137604 
129412 
108934 
117127 
133512 
133513 
133514 
113040 
108947 
129427 
133524 
133525 
133526 
129431 
129437 
129439 
121248 
129440 
121249 
121250 
117157 
108966 
129446 
117159 
125351 
129448 
125353 
129449 
137642 
129451 
137644 
129452 
113069 
113070 
108976 
108977 
108978 
129459 
108980 
133559 
133560 
108986 
133563 
108987 
133564 
133566 
129473 
133571 
133575 
113100 
109009 
109010 
117202 
109011 
113110 
129495 
109016 
117208 
125400 
113116 
113117 
117217 
129505 
133602 
117218 
129506 
133603 
125413 
133607 
125415 
133608 
113130 
113131 
121323 
121324 
129517 
113134 
113135 
121336 
121337 
125434 
113148 
125436 
113150 
109057 
113155 
121347 
117252 
121348 
117256 
121352 
117258 
117259 
117261 
113166 
113167 
133648 
113168 
133649 
113170 
129554 
125459 
125460 
125461 
113176 
117272 
121368 
129561 
113178 
129562 
113180 
121374 
113183 
133664 
109091 
109092 
129574 
129575 
113192 
117290 
129578 
125484 
113197 
125485 
129583 
125490 
125491 
125492 
129588 
129590 
125495 
133688 
125496 
129592 
125497 
133690 
109116 
109117 
129597 
109119 
125506 
133702 
125512 
109130 
117323 
121420 
109133 
121421 
129613 
133711 
125523 
125524 
113238 
125526 
113244 
121439 
129634 
109156 
125540 
129636 
109157 
109161 
129644 
109165 
113263 
109171 
125557 
113271 
113272 
113274 
109179 
109180 
109182 
121474 
129679 
129680 
109203 
133780 
125589 
109206 
113302 
125590 
113303 
109218 
125603 
125604 
117413 
125605 
133803 
133806 
109232 
121526 
121527 
121528 
109246 
129726 
109247 
117443 
117444 
125637 
113350 
117446 
133831 
125639 
109256 
117449 
113357 
109264 
113365 
113366 
109272 
133851 
133854 
133855 
121567 
117474 
117475 
113381 
117482 
109294 
113393 
125681 
125684 
133881 
109306 
117498 
113404 
113408 
109313 
133890 
113410 
109315 
113412 
121604 
121605 
121606 
125706 
125707 
129803 
129804 
113423 
125711 
109329 
113425 
109330 
109339 
113438 
125726 
133920 
125729 
133926 
117542 
125734 
133927 
113447 
113449 
133930 
133931 
129835 
113453 
113455 
113456 
109362 
113458 
109366 
129850 
133947 
129851 
133948 
125756 
125757 
125758 
113471 
129855 
109376 
109377 
133954 
113474 
117573 
117574 
109383 
133961 
113482 
125775 
129871 
125776 
133970 
125778 
129874 
109399 
109400 
133977 
109401 
133978 
125787 
125790 
133987 
117607 
125800 
125801 
117610 
133999 
134006 
134007 
134008 
125819 
117631 
113537 
134018 
113538 
129923 
109446 
113542 
113543 
125831 
113544 
125833 
134028 
129932 
117651 
109462 
117655 
109466 
113563 
134045 
113565 
113567 
109473 
113569 
113570 
113571 
129955 
129956 
117675 
129966 
109489 
129969 
129970 
113591 
109496 
113592 
113593 
109502 
113598 
109503 
113599 
113600 
121799 
134088 
134089 
113609 
134092 
125900 
109517 
134098 
113620 
134101 
109528 
109529 
109530 
134112 
113632 
134115 
113635 
134116 
134119 
109543 
125927 
134120 
109544 
125928 
113641 
113642 
117739 
113647 
130034 
121844 
113655 
113656 
113657 
117754 
134139 
109566 
109568 
125955 
130055 
134152 
134153 
134154 
134159 
109586 
113685 
117781 
113686 
117782 
130071 
109598 
121886 
121887 
121888 
130080 
130081 
134182 
134183 
125992 
109614 
109616 
113712 
113713 
113714 
134197 
130102 
130103 
113721 
109633 
130122 
134219 
134220 
134230 
130136 
109660 
134242 
109675 
117868 
117869 
117871 
117873 
126067 
113780 
113783 
134267 
113787 
113788 
130173 
117886 
130174 
134271 
121983 
126080 
117891 
134277 
117894 
117895 
134281 
134282 
109709 
134286 
134290 
109723 
126108 
130204 
109725 
126109 
122017 
134308 
117924 
117925 
122022 
109735 
122023 
109736 
122024 
126120 
113833 
130226 
117939 
117940 
130232 
122041 
109754 
122047 
130245 
109772 
134351 
122064 
130258 
109779 
117975 
130265 
134362 
134366 
122081 
122082 
117990 
122086 
122087 
122088 
126185 
126186 
134384 
109811 
109815 
130298 
130299 
122114 
109827 
122116 
109830 
122118 
134411 
109838 
109839 
109840 
130320 
109841 
130321 
118037 
130325 
109847 
126231 
126232 
130332 
130333 
109854 
130334 
122143 
122146 
130339 
122148 
126244 
126245 
130341 
134441 
122155 
122156 
122157 
109870 
109871 
134451 
126263 
109880 
109883 
113979 
118075 
118076 
118078 
118079 
109896 
130378 
130382 
130383 
134480 
109908 
118102 
130399 
130400 
134497 
130406 
114024 
118126 
118127 
118128 
130418 
126323 
130421 
126329 
118138 
126330 
118139 
118140 
118141 
130429 
130432 
130433 
130434 
126340 
126341 
130437 
130438 
122250 
122251 
114061 
114063 
109976 
109977 
130461 
134561 
109985 
134562 
134564 
126376 
114090 
126378 
110001 
134579 
110005 
114105 
118205 
118208 
130500 
130507 
130508 
118224 
118227 
118228 
118230 
110039 
134617 
110043 
110044 
110046 
134623 
122341 
122342 
118248 
118250 
122346 
122347 
114159 
114160 
114163 
110070 
114166 
110079 
110080 
110081 
122372 
130570 
130571 
126476 
130572 
134678 
126486 
122392 
126488 
126489 
134683 
134684 
134685 
118303 
118304 
110119 
130601 
130604 
130606 
134703 
126516 
126517 
126519 
110138 
134715 
110139 
134716 
130622 
134727 
114248 
114249 
118347 
118348 
130637 
118351 
118352 
130640 
118353 
130641 
130643 
110178 
134757 
114279 
114281 
134766 
134768 
134770 
134772 
110202 
126586 
110203 
122491 
134785 
134786 
118403 
114309 
126600 
126601 
134795 
134797 
130703 
130706 
130707 
130708 
134805 
126616 
126617 
126618 
118430 
126624 
118433 
126625 
118434 
126626 
130722 
134819 
110244 
126631 
126632 
134827 
126639 
130737 
130741 
130743 
110270 
126656 
134853 
134854 
126663 
110287 
126671 
130769 
126679 
134873 
118489 
134874 
114394 
130786 
114403 
130787 
110310 
126696 
118507 
122603 
118508 
110318 
130799 
114420 
114421 
110329 
126717 
130815 
130816 
130817 
122627 
122628 
118535 
126729 
126730 
122635 
126732 
126733 
118542 
114448 
118544 
130833 
130844 
118566 
130855 
114472 
114474 
114475 
118575 
118582 
118584 
130875 
122684 
110399 
110400 
110403 
110404 
118610 
134995 
134996 
134998 
130902 
130903 
130904 
110425 
114525 
135009 
118626 
118629 
130918 
126829 
130925 
135023 
126831 
126832 
130928 
122737 
130929 
122738 
135027 
130931 
130933 
135030 
130936 
122747 
110464 
126848 
130944 
135041 
110465 
130946 
110469 
118664 
118665 
118667 
126859 
126860 
122770 
114579 
118675 
110484 
118677 
118678 
130968 
118681 
118682 
135067 
118684 
126877 
126879 
110497 
114593 
114599 
126887 
114600 
126889 
114606 
114608 
122800 
114610 
110515 
114611 
110516 
110517 
118718 
118719 
118728 
114636 
135118 
135119 
122831 
122832 
114642 
122834 
110550 
118744 
118746 
118747 
131037 
118750 
131038 
118751 
135136 
118752 
135137 
110561 
118753 
122849 
122850 
122851 
110568 
126955 
126956 
118767 
122863 
118768 
122864 
122865 
118770 
122866 
118772 
118773 
118775 
118776 
118777 
118778 
118779 
114685 
114686 
)

// ************************************************************************* //
